(1203 5), [170331_092835877_Camera_2.png (1195 4) ], [170331_092836377_Camera_2.png (1200 23) ]
(1205 8), [170331_092835877_Camera_2.png (1196 7) ], [170331_092836377_Camera_2.png (1202 26) ]
(1203 8), [170331_092835877_Camera_2.png (1195 7) ], [170331_092836377_Camera_2.png (1200 26) ]
(1205 10), [170331_092835877_Camera_2.png (1196 9) ], [170331_092836377_Camera_2.png (1202 28) ]
(1202 7), [170331_092835877_Camera_2.png (1193 6) ], [170331_092836377_Camera_2.png (1199 25) ]
(1203 10), [170331_092835877_Camera_2.png (1194 9) ], [170331_092836377_Camera_2.png (1200 28) ]
(1204 12), [170331_092835877_Camera_2.png (1196 11) ], [170331_092836377_Camera_2.png (1201 30) ]
(1201 10), [170331_092835877_Camera_2.png (1192 9) ], [170331_092836377_Camera_2.png (1198 28) ]
(1206 15), [170331_092835877_Camera_2.png (1197 14) ], [170331_092836377_Camera_2.png (1203 32) ]
(1202 12), [170331_092835877_Camera_2.png (1194 11) ], [170331_092836377_Camera_2.png (1199 30) ]
(1199 9), [170331_092835877_Camera_2.png (1190 8) ], [170331_092836377_Camera_2.png (1196 27) ]
(1207 17), [170331_092835877_Camera_2.png (1198 16) ], [170331_092836377_Camera_2.png (1204 35) ]
(1204 14), [170331_092835877_Camera_2.png (1195 13) ], [170331_092836377_Camera_2.png (1201 32) ]
(1201 11), [170331_092835877_Camera_2.png (1192 10) ], [170331_092836377_Camera_2.png (1198 29) ]
(1198 9), [170331_092835877_Camera_2.png (1189 8) ], [170331_092836377_Camera_2.png (1194 27) ]
(1191 5), [170331_092835877_Camera_2.png (1182 4) ], [170331_092836377_Camera_2.png (1188 23) ]
(1205 16), [170331_092835877_Camera_2.png (1197 15) ], [170331_092836377_Camera_2.png (1202 34) ]
(1202 13), [170331_092835877_Camera_2.png (1193 12) ], [170331_092836377_Camera_2.png (1199 31) ]
(1207 18), [170331_092835877_Camera_2.png (1198 17) ], [170331_092836377_Camera_2.png (1204 36) ]
(1204 15), [170331_092835877_Camera_2.png (1195 14) ], [170331_092836377_Camera_2.png (1201 33) ]
(1201 13), [170331_092835877_Camera_2.png (1192 12) ], [170331_092836377_Camera_2.png (1198 31) ]
(1198 10), [170331_092835877_Camera_2.png (1189 9) ], [170331_092836377_Camera_2.png (1194 28) ]
(1206 17), [170331_092835877_Camera_2.png (1197 16) ], [170331_092836377_Camera_2.png (1203 35) ]
(1203 14), [170331_092835877_Camera_2.png (1194 13) ], [170331_092836377_Camera_2.png (1200 32) ]
(1200 12), [170331_092835877_Camera_2.png (1191 11) ], [170331_092836377_Camera_2.png (1197 30) ]
(1197 9), [170331_092835877_Camera_2.png (1188 8) ], [170331_092836377_Camera_2.png (1193 27) ]
(1205 16), [170331_092835877_Camera_2.png (1197 15) ], [170331_092836377_Camera_2.png (1202 34) ]
(1202 13), [170331_092835877_Camera_2.png (1193 12) ], [170331_092836377_Camera_2.png (1199 31) ]
(1199 11), [170331_092835877_Camera_2.png (1190 10) ], [170331_092836377_Camera_2.png (1196 29) ]
(1204 15), [170331_092835877_Camera_2.png (1196 14) ], [170331_092836377_Camera_2.png (1201 33) ]
(1201 12), [170331_092835877_Camera_2.png (1193 11) ], [170331_092836377_Camera_2.png (1198 30) ]
(1203 14), [170331_092835877_Camera_2.png (1195 13) ], [170331_092836377_Camera_2.png (1200 32) ]
(1200 12), [170331_092835877_Camera_2.png (1191 11) ], [170331_092836377_Camera_2.png (1197 30) ]
(1202 14), [170331_092835877_Camera_2.png (1193 13) ], [170331_092836377_Camera_2.png (1199 32) ]
(1199 11), [170331_092835877_Camera_2.png (1190 10) ], [170331_092836377_Camera_2.png (1196 29) ]
(1193 7), [170331_092835877_Camera_2.png (1184 6) ], [170331_092836377_Camera_2.png (1189 25) ]
(1204 16), [170331_092835877_Camera_2.png (1195 15) ], [170331_092836377_Camera_2.png (1201 34) ]
(1201 13), [170331_092835877_Camera_2.png (1192 12) ], [170331_092836377_Camera_2.png (1198 31) ]
(1198 11), [170331_092835877_Camera_2.png (1189 10) ], [170331_092836377_Camera_2.png (1194 29) ]
(1202 14), [170331_092835877_Camera_2.png (1194 13) ], [170331_092836377_Camera_2.png (1199 32) ]
(1199 12), [170331_092835877_Camera_2.png (1191 11) ], [170331_092836377_Camera_2.png (1196 30) ]
(1193 8), [170331_092835877_Camera_2.png (1184 7) ], [170331_092836377_Camera_2.png (1190 26) ]
(1201 13), [170331_092835877_Camera_2.png (1193 12) ], [170331_092836377_Camera_2.png (1198 31) ]
(1198 11), [170331_092835877_Camera_2.png (1189 10) ], [170331_092836377_Camera_2.png (1195 29) ]
(1200 12), [170331_092835877_Camera_2.png (1191 11) ], [170331_092836377_Camera_2.png (1197 30) ]
(1197 9), [170331_092835877_Camera_2.png (1188 8) ], [170331_092836377_Camera_2.png (1194 27) ]
(1202 13), [170331_092835877_Camera_2.png (1193 12) ], [170331_092836377_Camera_2.png (1199 31) ]
(1199 10), [170331_092835877_Camera_2.png (1190 9) ], [170331_092836377_Camera_2.png (1196 28) ]
(1201 11), [170331_092835877_Camera_2.png (1192 10) ], [170331_092836377_Camera_2.png (1197 29) ]
(1191 5), [170331_092836377_Camera_2.png (1188 23) ]
(1199 9), [170331_092835877_Camera_2.png (1190 8) ], [170331_092836377_Camera_2.png (1196 27) ]
(1202 5), [170331_092835877_Camera_2.png (1193 4) ], [170331_092836377_Camera_2.png (1199 23) ]
(1200 5), [170331_092835877_Camera_2.png (1191 4) ], [170331_092836377_Camera_2.png (1197 23) ]
(1199 5), [170331_092835877_Camera_2.png (1190 4) ], [170331_092836377_Camera_2.png (1195 23) ]
(1200 7), [170331_092835877_Camera_2.png (1191 6) ], [170331_092836377_Camera_2.png (1197 25) ]
(1197 5), [170331_092835877_Camera_2.png (1188 4) ], [170331_092836377_Camera_2.png (1193 23) ]
(1198 7), [170331_092835877_Camera_2.png (1189 6) ], [170331_092836377_Camera_2.png (1195 25) ]
(1195 5), [170331_092835877_Camera_2.png (1186 4) ], [170331_092836377_Camera_2.png (1192 23) ]
(1193 5), [170331_092835877_Camera_2.png (1184 4) ], [170331_092836377_Camera_2.png (1190 23) ]
(1194 7), [170331_092835877_Camera_2.png (1185 6) ], [170331_092836377_Camera_2.png (1191 25) ]
(1196 9), [170331_092835877_Camera_2.png (1187 8) ], [170331_092836377_Camera_2.png (1193 27) ]
(1193 7), [170331_092835877_Camera_2.png (1184 6) ], [170331_092836377_Camera_2.png (1189 25) ]
(1194 8), [170331_092835877_Camera_2.png (1185 7) ], [170331_092836377_Camera_2.png (1191 26) ]
(1193 7), [170331_092835877_Camera_2.png (1184 6) ], [170331_092836377_Camera_2.png (1190 25) ]
(1196 8), [170331_092835877_Camera_2.png (1187 7) ], [170331_092836377_Camera_2.png (1193 26) ]
(1193 6), [170331_092835877_Camera_2.png (1184 6) ], [170331_092836377_Camera_2.png (1189 24) ]
(1195 8), [170331_092835877_Camera_2.png (1186 7) ], [170331_092836377_Camera_2.png (1192 26) ]
(1197 9), [170331_092835877_Camera_2.png (1188 8) ], [170331_092836377_Camera_2.png (1194 27) ]
(1194 7), [170331_092835877_Camera_2.png (1185 6) ], [170331_092836377_Camera_2.png (1191 25) ]
(1196 9), [170331_092835877_Camera_2.png (1187 8) ], [170331_092836377_Camera_2.png (1193 27) ]
(1194 8), [170331_092835877_Camera_2.png (1185 7) ], [170331_092836377_Camera_2.png (1191 26) ]
(1196 10), [170331_092835877_Camera_2.png (1187 9) ], [170331_092836377_Camera_2.png (1193 28) ]
(1195 8), [170331_092835877_Camera_2.png (1186 7) ], [170331_092836377_Camera_2.png (1192 26) ]
(1194 7), [170331_092835877_Camera_2.png (1185 6) ], [170331_092836377_Camera_2.png (1191 25) ]
(1196 8), [170331_092835877_Camera_2.png (1187 7) ], [170331_092836377_Camera_2.png (1192 26) ]
(1197 9), [170331_092835877_Camera_2.png (1189 8) ], [170331_092836377_Camera_2.png (1194 27) ]
(1194 6), [170331_092835877_Camera_2.png (1185 5) ], [170331_092836377_Camera_2.png (1191 24) ]
(1196 7), [170331_092835877_Camera_2.png (1187 6) ], [170331_092836377_Camera_2.png (1193 25) ]
(1197 7), [170331_092835877_Camera_2.png (1189 6) ], [170331_092836377_Camera_2.png (1194 25) ]
(1194 5), [170331_092835877_Camera_2.png (1185 4) ], [170331_092836377_Camera_2.png (1191 23) ]
(1199 8), [170331_092835877_Camera_2.png (1190 7) ], [170331_092836377_Camera_2.png (1196 26) ]
(1196 6), [170331_092835877_Camera_2.png (1187 5) ], [170331_092836377_Camera_2.png (1192 24) ]
(1197 6), [170331_092835877_Camera_2.png (1188 5) ], [170331_092836377_Camera_2.png (1194 24) ]
(1194 4), [170331_092836377_Camera_2.png (1191 22) ]
(1195 4), [170331_092836377_Camera_2.png (1192 22) ]
(1197 5), [170331_092835877_Camera_2.png (1188 4) ], [170331_092836377_Camera_2.png (1194 23) ]
(1186 8), [170331_092835877_Camera_2.png (1177 10) ], [170331_092836377_Camera_2.png (1183 28) ]
(1185 9), [170331_092835877_Camera_2.png (1175 12) ], [170331_092836377_Camera_2.png (1181 29) ]
(1186 12), [170331_092835877_Camera_2.png (1177 15) ], [170331_092836377_Camera_2.png (1183 32) ]
(1183 10), [170331_092835877_Camera_2.png (1173 12) ], [170331_092836377_Camera_2.png (1179 29) ]
(1188 12), [170331_092835877_Camera_2.png (1178 14) ], [170331_092836377_Camera_2.png (1184 32) ]
(1185 12), [170331_092835877_Camera_2.png (1175 15) ], [170331_092836377_Camera_2.png (1181 32) ]
(1189 14), [170331_092835877_Camera_2.png (1180 16) ], [170331_092836377_Camera_2.png (1186 34) ]
(1186 13), [170331_092835877_Camera_2.png (1177 14) ], [170331_092836377_Camera_2.png (1183 32) ]
(1183 12), [170331_092835877_Camera_2.png (1173 15) ], [170331_092836377_Camera_2.png (1179 32) ]
(1188 14), [170331_092835877_Camera_2.png (1178 16) ], [170331_092836377_Camera_2.png (1184 34) ]
(1181 13), [170331_092835877_Camera_2.png (1172 15) ], [170331_092836377_Camera_2.png (1178 32) ]
(1189 17), [170331_092835877_Camera_2.png (1180 18) ], [170331_092836377_Camera_2.png (1186 36) ]
(1186 15), [170331_092835877_Camera_2.png (1176 16) ], [170331_092836377_Camera_2.png (1182 34) ]
(1187 17), [170331_092835877_Camera_2.png (1178 18) ], [170331_092836377_Camera_2.png (1184 36) ]
(1184 15), [170331_092835877_Camera_2.png (1175 17) ], [170331_092836377_Camera_2.png (1181 35) ]
(1181 15), [170331_092835877_Camera_2.png (1171 18) ], [170331_092836377_Camera_2.png (1177 35) ]
(1189 19), [170331_092835877_Camera_2.png (1179 21) ], [170331_092836377_Camera_2.png (1185 39) ]
(1185 17), [170331_092835877_Camera_2.png (1176 19) ], [170331_092836377_Camera_2.png (1182 36) ]
(1187 19), [170331_092835877_Camera_2.png (1177 21) ], [170331_092836377_Camera_2.png (1183 38) ]
(1184 17), [170331_092835877_Camera_2.png (1174 19) ], [170331_092836377_Camera_2.png (1180 37) ]
(1188 22), [170331_092835877_Camera_2.png (1179 24) ], [170331_092836377_Camera_2.png (1185 41) ]
(1185 19), [170331_092835877_Camera_2.png (1176 21) ], [170331_092836377_Camera_2.png (1182 38) ]
(1187 21), [170331_092835877_Camera_2.png (1178 23) ], [170331_092836377_Camera_2.png (1184 40) ]
(1184 18), [170331_092835877_Camera_2.png (1174 20) ], [170331_092836377_Camera_2.png (1180 38) ]
(1186 20), [170331_092835877_Camera_2.png (1176 21) ], [170331_092836377_Camera_2.png (1182 39) ]
(1188 22), [170331_092835877_Camera_2.png (1179 24) ], [170331_092836377_Camera_2.png (1185 41) ]
(1185 19), [170331_092835877_Camera_2.png (1176 21) ], [170331_092836377_Camera_2.png (1182 38) ]
(1187 21), [170331_092835877_Camera_2.png (1178 23) ], [170331_092836377_Camera_2.png (1184 40) ]
(1184 18), [170331_092835877_Camera_2.png (1175 20) ], [170331_092836377_Camera_2.png (1181 37) ]
(1186 20), [170331_092835877_Camera_2.png (1177 22) ], [170331_092836377_Camera_2.png (1183 39) ]
(1183 18), [170331_092835877_Camera_2.png (1174 20) ], [170331_092836377_Camera_2.png (1180 38) ]
(1185 19), [170331_092835877_Camera_2.png (1176 21) ], [170331_092836377_Camera_2.png (1182 39) ]
(1187 22), [170331_092835877_Camera_2.png (1178 24) ], [170331_092836377_Camera_2.png (1183 42) ]
(1184 19), [170331_092835877_Camera_2.png (1174 21) ], [170331_092836377_Camera_2.png (1180 39) ]
(1186 20), [170331_092835877_Camera_2.png (1176 22) ], [170331_092836377_Camera_2.png (1182 40) ]
(1184 19), [170331_092835877_Camera_2.png (1175 21) ], [170331_092836377_Camera_2.png (1181 39) ]
(1186 20), [170331_092835877_Camera_2.png (1177 22) ], [170331_092836377_Camera_2.png (1183 40) ]
(1188 22), [170331_092835877_Camera_2.png (1179 24) ], [170331_092836377_Camera_2.png (1185 42) ]
(1185 19), [170331_092835877_Camera_2.png (1176 21) ], [170331_092836377_Camera_2.png (1182 38) ]
(1187 19), [170331_092835877_Camera_2.png (1177 21) ], [170331_092836377_Camera_2.png (1183 39) ]
(1184 18), [170331_092835877_Camera_2.png (1174 19) ], [170331_092836377_Camera_2.png (1180 37) ]
(1188 20), [170331_092835877_Camera_2.png (1179 22) ], [170331_092836377_Camera_2.png (1185 40) ]
(1185 18), [170331_092835877_Camera_2.png (1176 20) ], [170331_092836377_Camera_2.png (1182 37) ]
(1187 18), [170331_092835877_Camera_2.png (1177 20) ], [170331_092836377_Camera_2.png (1183 38) ]
(1184 17), [170331_092835877_Camera_2.png (1174 18) ], [170331_092836377_Camera_2.png (1180 36) ]
(1185 17), [170331_092835877_Camera_2.png (1176 19) ], [170331_092836377_Camera_2.png (1182 36) ]
(1190 20), [170331_092835877_Camera_2.png (1180 21) ], [170331_092836377_Camera_2.png (1186 39) ]
(1187 17), [170331_092835877_Camera_2.png (1177 19) ], [170331_092836377_Camera_2.png (1183 36) ]
(1184 15), [170331_092835877_Camera_2.png (1174 17) ], [170331_092836377_Camera_2.png (1180 35) ]
(1180 16), [170331_092835877_Camera_2.png (1171 18) ], [170331_092836377_Camera_2.png (1177 36) ]
(1188 17), [170331_092835877_Camera_2.png (1179 19) ], [170331_092836377_Camera_2.png (1185 37) ]
(1185 16), [170331_092835877_Camera_2.png (1175 18) ], [170331_092836377_Camera_2.png (1181 35) ]
(1189 18), [170331_092835877_Camera_2.png (1180 20) ], [170331_092836377_Camera_2.png (1186 37) ]
(1186 16), [170331_092835877_Camera_2.png (1177 18) ], [170331_092836377_Camera_2.png (1183 35) ]
(1180 15), [170331_092835877_Camera_2.png (1170 17) ], [170331_092836377_Camera_2.png (1176 34) ]
(1188 16), [170331_092835877_Camera_2.png (1178 18) ], [170331_092836377_Camera_2.png (1184 35) ]
(1185 14), [170331_092835877_Camera_2.png (1175 16) ], [170331_092836377_Camera_2.png (1181 34) ]
(1181 15), [170331_092835877_Camera_2.png (1172 17) ], [170331_092836377_Camera_2.png (1178 35) ]
(1189 16), [170331_092835877_Camera_2.png (1180 18) ], [170331_092836377_Camera_2.png (1186 35) ]
(1186 14), [170331_092835877_Camera_2.png (1177 16) ], [170331_092836377_Camera_2.png (1183 33) ]
(1180 13), [170331_092835877_Camera_2.png (1170 15) ], [170331_092836377_Camera_2.png (1176 32) ]
(1189 14), [170331_092835877_Camera_2.png (1179 16) ], [170331_092836377_Camera_2.png (1185 33) ]
(1185 12), [170331_092835877_Camera_2.png (1176 14) ], [170331_092836377_Camera_2.png (1182 31) ]
(1182 12), [170331_092835877_Camera_2.png (1172 15) ], [170331_092836377_Camera_2.png (1178 32) ]
(1187 12), [170331_092835877_Camera_2.png (1178 14) ], [170331_092836377_Camera_2.png (1184 32) ]
(1184 13), [170331_092835877_Camera_2.png (1175 15) ], [170331_092836377_Camera_2.png (1181 33) ]
(1183 10), [170331_092835877_Camera_2.png (1174 13) ], [170331_092836377_Camera_2.png (1180 30) ]
(1186 10), [170331_092835877_Camera_2.png (1176 13) ], [170331_092836377_Camera_2.png (1182 30) ]
(1188 11), [170331_092835877_Camera_2.png (1179 13) ], [170331_092836377_Camera_2.png (1184 30) ]
(1187 8), [170331_092835877_Camera_2.png (1178 10) ], [170331_092836377_Camera_2.png (1184 28) ]
