(07 51), [170331_092838377_Camera_2.png (53 79) ], [170331_092838877_Camera_2.png (58 36) ]
(09 44), [170331_092838377_Camera_2.png (55 75) ], [170331_092838877_Camera_2.png (59 33) ]
(10 41), [170331_092838377_Camera_2.png (55 72) ], [170331_092838877_Camera_2.png (60 31) ]
(12 37), [170331_092838377_Camera_2.png (56 70) ], [170331_092838877_Camera_2.png (61 30) ]
(13 34), [170331_092838377_Camera_2.png (57 68) ], [170331_092838877_Camera_2.png (61 28) ]
(14 30), [170331_092838377_Camera_2.png (58 66) ], [170331_092838877_Camera_2.png (62 27) ]
(14 48), [170331_092838377_Camera_2.png (57 76) ], [170331_092838877_Camera_2.png (61 33) ]
(15 44), [170331_092838377_Camera_2.png (58 73) ], [170331_092838877_Camera_2.png (61 32) ]
(16 41), [170331_092838377_Camera_2.png (59 71) ], [170331_092838877_Camera_2.png (62 30) ]
(18 37), [170331_092838377_Camera_2.png (59 69) ], [170331_092838877_Camera_2.png (63 29) ]
(19 51), [170331_092838377_Camera_2.png (59 77) ], [170331_092838877_Camera_2.png (62 34) ]
(20 48), [170331_092838377_Camera_2.png (60 75) ], [170331_092838877_Camera_2.png (63 33) ]
(15 27), [170331_092838377_Camera_2.png (58 63) ], [170331_092838877_Camera_2.png (63 25) ]
(16 24), [170331_092838377_Camera_2.png (59 61) ], [170331_092838877_Camera_2.png (63 23) ]
(18 20), [170331_092838377_Camera_2.png (60 59) ], [170331_092838877_Camera_2.png (64 22) ]
(19 17), [170331_092838377_Camera_2.png (61 57) ], [170331_092838877_Camera_2.png (65 20) ]
(20 14), [170331_092838377_Camera_2.png (62 55) ], [170331_092838877_Camera_2.png (65 19) ]
(21 10), [170331_092838377_Camera_2.png (63 52) ], [170331_092838877_Camera_2.png (66 17) ]
(22 07), [170331_092838377_Camera_2.png (64 51) ], [170331_092838877_Camera_2.png (67 16) ]
(24 04), [170331_092838377_Camera_2.png (64 48) ], [170331_092838877_Camera_2.png (67 15) ]
(25 01), [170331_092838377_Camera_2.png (65 46) ], [170331_092838877_Camera_2.png (68 13) ]
(26 97), [170331_092838377_Camera_2.png (66 44) ], [170331_092838877_Camera_2.png (68 12) ]
(27 94), [170331_092838377_Camera_2.png (67 42) ], [170331_092838877_Camera_2.png (69 10) ]
(28 91), [170331_092838377_Camera_2.png (68 40) ], [170331_092838877_Camera_2.png (70 09) ]
(30 88), [170331_092838377_Camera_2.png (69 38) ], [170331_092838877_Camera_2.png (70 07) ]
(31 84), [170331_092838377_Camera_2.png (69 36) ], [170331_092838877_Camera_2.png (71 06) ]
(32 81), [170331_092838377_Camera_2.png (70 34) ], [170331_092838877_Camera_2.png (72 04) ]
(34 74), [170331_092838377_Camera_2.png (72 29) ], [170331_092838877_Camera_2.png (73 01) ]
(35 71), [170331_092838377_Camera_2.png (73 27) ], [170331_092838877_Camera_2.png (73 00) ]
(36 68), [170331_092838377_Camera_2.png (73 25) ], [170331_092838877_Camera_2.png (74 98) ]
(37 64), [170331_092838377_Camera_2.png (74 23) ], [170331_092838877_Camera_2.png (75 97) ]
(38 62), [170331_092838377_Camera_2.png (75 21) ], [170331_092838877_Camera_2.png (75 95) ]
(40 58), [170331_092838377_Camera_2.png (75 19) ], [170331_092838877_Camera_2.png (76 94) ]
(41 55), [170331_092838377_Camera_2.png (76 17) ], [170331_092838877_Camera_2.png (76 93) ]
(42 52), [170331_092838377_Camera_2.png (77 15) ], [170331_092838877_Camera_2.png (77 91) ]
(43 49), [170331_092838377_Camera_2.png (78 13) ], [170331_092838877_Camera_2.png (78 90) ]
(44 46), [170331_092838377_Camera_2.png (78 11) ], [170331_092838877_Camera_2.png (78 88) ]
(45 43), [170331_092838377_Camera_2.png (79 09) ], [170331_092838877_Camera_2.png (79 87) ]
(46 40), [170331_092838377_Camera_2.png (80 07) ], [170331_092838877_Camera_2.png (79 86) ]
(47 37), [170331_092838377_Camera_2.png (81 05) ], [170331_092838877_Camera_2.png (80 84) ]
(49 34), [170331_092838377_Camera_2.png (82 03) ], [170331_092838877_Camera_2.png (81 83) ]
(50 30), [170331_092838377_Camera_2.png (82 01) ], [170331_092838877_Camera_2.png (81 81) ]
(51 27), [170331_092838377_Camera_2.png (83 99) ], [170331_092838877_Camera_2.png (82 80) ]
(52 24), [170331_092838377_Camera_2.png (84 97) ], [170331_092838877_Camera_2.png (82 79) ]
(53 21), [170331_092838377_Camera_2.png (85 95) ], [170331_092838877_Camera_2.png (83 77) ]
(54 18), [170331_092838377_Camera_2.png (86 93) ], [170331_092838877_Camera_2.png (84 76) ]
(55 15), [170331_092838377_Camera_2.png (86 92) ], [170331_092838877_Camera_2.png (84 75) ]
(57 09), [170331_092838377_Camera_2.png (88 88) ], [170331_092838877_Camera_2.png (85 72) ]
(59 07), [170331_092838377_Camera_2.png (89 86) ], [170331_092838877_Camera_2.png (86 71) ]
(60 03), [170331_092838377_Camera_2.png (89 84) ], [170331_092838877_Camera_2.png (87 69) ]
(60 00), [170331_092838377_Camera_2.png (90 82) ], [170331_092838877_Camera_2.png (87 68) ]
(61 97), [170331_092838377_Camera_2.png (91 80) ], [170331_092838877_Camera_2.png (88 67) ]
(63 94), [170331_092838377_Camera_2.png (91 78) ], [170331_092838877_Camera_2.png (88 65) ]
(64 91), [170331_092838377_Camera_2.png (92 76) ], [170331_092838877_Camera_2.png (89 64) ]
(65 88), [170331_092838377_Camera_2.png (93 74) ], [170331_092838877_Camera_2.png (89 63) ]
(66 85), [170331_092838377_Camera_2.png (94 72) ], [170331_092838877_Camera_2.png (90 61) ]
(67 82), [170331_092838377_Camera_2.png (94 71) ], [170331_092838877_Camera_2.png (90 60) ]
(68 79), [170331_092838377_Camera_2.png (95 69) ], [170331_092838877_Camera_2.png (91 59) ]
(69 77), [170331_092838377_Camera_2.png (96 67) ], [170331_092838877_Camera_2.png (92 58) ]
(70 74), [170331_092838377_Camera_2.png (96 65) ], [170331_092838877_Camera_2.png (92 56) ]
(71 70), [170331_092838377_Camera_2.png (97 63) ], [170331_092838877_Camera_2.png (93 55) ]
(72 68), [170331_092838377_Camera_2.png (98 61) ], [170331_092838877_Camera_2.png (93 54) ]
(73 65), [170331_092838377_Camera_2.png (99 60) ], [170331_092838877_Camera_2.png (94 52) ]
(19 34), [170331_092838377_Camera_2.png (60 67) ], [170331_092838877_Camera_2.png (63 27) ]
(20 31), [170331_092838377_Camera_2.png (61 65) ], [170331_092838877_Camera_2.png (64 26) ]
(21 27), [170331_092838377_Camera_2.png (62 62) ], [170331_092838877_Camera_2.png (65 24) ]
(24 21), [170331_092838377_Camera_2.png (64 58) ], [170331_092838877_Camera_2.png (66 21) ]
(25 17), [170331_092838377_Camera_2.png (64 56) ], [170331_092838877_Camera_2.png (67 20) ]
(26 14), [170331_092838377_Camera_2.png (65 54) ], [170331_092838877_Camera_2.png (67 18) ]
(27 10), [170331_092838377_Camera_2.png (66 52) ], [170331_092838877_Camera_2.png (68 17) ]
(28 07), [170331_092838377_Camera_2.png (67 49) ], [170331_092838877_Camera_2.png (69 15) ]
(30 04), [170331_092838377_Camera_2.png (68 47) ], [170331_092838877_Camera_2.png (69 14) ]
(31 00), [170331_092838377_Camera_2.png (68 45) ], [170331_092838877_Camera_2.png (70 12) ]
(32 97), [170331_092838377_Camera_2.png (69 43) ], [170331_092838877_Camera_2.png (70 11) ]
(33 94), [170331_092838377_Camera_2.png (70 41) ], [170331_092838877_Camera_2.png (71 09) ]
(35 91), [170331_092838377_Camera_2.png (71 39) ], [170331_092838877_Camera_2.png (72 08) ]
(36 88), [170331_092838377_Camera_2.png (72 37) ], [170331_092838877_Camera_2.png (72 06) ]
(37 84), [170331_092838377_Camera_2.png (73 35) ], [170331_092838877_Camera_2.png (73 05) ]
(38 81), [170331_092838377_Camera_2.png (73 33) ], [170331_092838877_Camera_2.png (74 04) ]
(39 78), [170331_092838377_Camera_2.png (74 31) ], [170331_092838877_Camera_2.png (74 02) ]
(40 74), [170331_092838377_Camera_2.png (75 28) ], [170331_092838877_Camera_2.png (75 00) ]
(41 71), [170331_092838377_Camera_2.png (76 27) ], [170331_092838877_Camera_2.png (75 99) ]
(43 68), [170331_092838377_Camera_2.png (77 25) ], [170331_092838877_Camera_2.png (76 98) ]
(43 65), [170331_092838377_Camera_2.png (77 22) ], [170331_092838877_Camera_2.png (76 96) ]
(45 62), [170331_092838377_Camera_2.png (78 20) ], [170331_092838877_Camera_2.png (77 95) ]
(46 58), [170331_092838377_Camera_2.png (79 18) ], [170331_092838877_Camera_2.png (78 93) ]
(48 52), [170331_092838377_Camera_2.png (80 14) ], [170331_092838877_Camera_2.png (79 91) ]
(49 49), [170331_092838377_Camera_2.png (81 12) ], [170331_092838877_Camera_2.png (80 89) ]
(50 46), [170331_092838377_Camera_2.png (82 10) ], [170331_092838877_Camera_2.png (80 88) ]
(51 43), [170331_092838377_Camera_2.png (83 08) ], [170331_092838877_Camera_2.png (81 86) ]
(53 40), [170331_092838377_Camera_2.png (83 06) ], [170331_092838877_Camera_2.png (81 85) ]
(54 37), [170331_092838377_Camera_2.png (84 04) ], [170331_092838877_Camera_2.png (82 84) ]
(55 34), [170331_092838377_Camera_2.png (85 03) ], [170331_092838877_Camera_2.png (83 82) ]
(56 31), [170331_092838377_Camera_2.png (86 01) ], [170331_092838877_Camera_2.png (83 81) ]
(57 28), [170331_092838377_Camera_2.png (86 99) ], [170331_092838877_Camera_2.png (84 80) ]
(58 25), [170331_092838377_Camera_2.png (87 97) ], [170331_092838877_Camera_2.png (84 78) ]
(59 22), [170331_092838377_Camera_2.png (88 95) ], [170331_092838877_Camera_2.png (85 77) ]
(61 19), [170331_092838377_Camera_2.png (89 93) ], [170331_092838877_Camera_2.png (86 76) ]
(61 15), [170331_092838377_Camera_2.png (89 91) ], [170331_092838877_Camera_2.png (86 74) ]
(62 13), [170331_092838377_Camera_2.png (90 89) ], [170331_092838877_Camera_2.png (87 73) ]
(64 10), [170331_092838377_Camera_2.png (91 87) ], [170331_092838877_Camera_2.png (87 72) ]
(65 07), [170331_092838377_Camera_2.png (92 85) ], [170331_092838877_Camera_2.png (88 70) ]
(65 03), [170331_092838377_Camera_2.png (92 83) ], [170331_092838877_Camera_2.png (88 69) ]
(67 01), [170331_092838377_Camera_2.png (93 81) ], [170331_092838877_Camera_2.png (89 68) ]
(68 98), [170331_092838377_Camera_2.png (94 79) ], [170331_092838877_Camera_2.png (90 66) ]
(69 95), [170331_092838377_Camera_2.png (95 78) ], [170331_092838877_Camera_2.png (90 65) ]
(71 89), [170331_092838377_Camera_2.png (96 74) ], [170331_092838877_Camera_2.png (91 62) ]
(72 86), [170331_092838377_Camera_2.png (97 72) ], [170331_092838877_Camera_2.png (92 61) ]
(73 83), [170331_092838377_Camera_2.png (97 70) ], [170331_092838877_Camera_2.png (92 60) ]
(74 80), [170331_092838377_Camera_2.png (98 68) ], [170331_092838877_Camera_2.png (93 58) ]
(75 77), [170331_092838377_Camera_2.png (99 66) ], [170331_092838877_Camera_2.png (93 57) ]
(76 74), [170331_092838377_Camera_2.png (00 64) ], [170331_092838877_Camera_2.png (94 56) ]
(21 44), [170331_092838377_Camera_2.png (61 72) ], [170331_092838877_Camera_2.png (63 31) ]
(23 41), [170331_092838377_Camera_2.png (62 70) ], [170331_092838877_Camera_2.png (64 30) ]
(24 37), [170331_092838377_Camera_2.png (63 68) ], [170331_092838877_Camera_2.png (65 28) ]
(25 34), [170331_092838377_Camera_2.png (63 66) ], [170331_092838877_Camera_2.png (65 26) ]
(26 31), [170331_092838377_Camera_2.png (64 64) ], [170331_092838877_Camera_2.png (66 25) ]
(27 28), [170331_092838377_Camera_2.png (65 62) ], [170331_092838877_Camera_2.png (67 24) ]
(29 24), [170331_092838377_Camera_2.png (66 59) ], [170331_092838877_Camera_2.png (67 22) ]
(30 21), [170331_092838377_Camera_2.png (67 57) ], [170331_092838877_Camera_2.png (68 21) ]
(31 17), [170331_092838377_Camera_2.png (68 55) ], [170331_092838877_Camera_2.png (69 19) ]
(32 14), [170331_092838377_Camera_2.png (68 53) ], [170331_092838877_Camera_2.png (69 17) ]
(33 11), [170331_092838377_Camera_2.png (69 51) ], [170331_092838877_Camera_2.png (70 16) ]
(35 08), [170331_092838377_Camera_2.png (70 49) ], [170331_092838877_Camera_2.png (71 15) ]
(36 04), [170331_092838377_Camera_2.png (71 46) ], [170331_092838877_Camera_2.png (71 13) ]
(38 97), [170331_092838377_Camera_2.png (72 42) ], [170331_092838877_Camera_2.png (72 10) ]
(39 94), [170331_092838377_Camera_2.png (73 40) ], [170331_092838877_Camera_2.png (73 09) ]
(41 91), [170331_092838377_Camera_2.png (74 38) ], [170331_092838877_Camera_2.png (74 07) ]
(42 88), [170331_092838377_Camera_2.png (75 36) ], [170331_092838877_Camera_2.png (74 06) ]
(43 84), [170331_092838377_Camera_2.png (76 34) ], [170331_092838877_Camera_2.png (75 04) ]
(44 81), [170331_092838377_Camera_2.png (76 32) ], [170331_092838877_Camera_2.png (76 03) ]
(45 78), [170331_092838377_Camera_2.png (77 30) ], [170331_092838877_Camera_2.png (76 01) ]
(46 75), [170331_092838377_Camera_2.png (78 28) ], [170331_092838877_Camera_2.png (77 00) ]
(47 72), [170331_092838377_Camera_2.png (79 26) ], [170331_092838877_Camera_2.png (77 99) ]
(49 69), [170331_092838377_Camera_2.png (80 24) ], [170331_092838877_Camera_2.png (78 97) ]
(50 65), [170331_092838377_Camera_2.png (80 22) ], [170331_092838877_Camera_2.png (79 96) ]
(51 62), [170331_092838377_Camera_2.png (81 20) ], [170331_092838877_Camera_2.png (79 94) ]
(52 59), [170331_092838377_Camera_2.png (82 18) ], [170331_092838877_Camera_2.png (80 93) ]
(53 56), [170331_092838377_Camera_2.png (83 16) ], [170331_092838877_Camera_2.png (80 91) ]
(54 53), [170331_092838377_Camera_2.png (83 13) ], [170331_092838877_Camera_2.png (81 90) ]
(55 49), [170331_092838377_Camera_2.png (84 12) ], [170331_092838877_Camera_2.png (82 89) ]
(57 47), [170331_092838377_Camera_2.png (85 10) ], [170331_092838877_Camera_2.png (82 87) ]
(58 43), [170331_092838377_Camera_2.png (86 08) ], [170331_092838877_Camera_2.png (83 86) ]
(59 40), [170331_092838377_Camera_2.png (87 06) ], [170331_092838877_Camera_2.png (83 85) ]
(60 37), [170331_092838377_Camera_2.png (87 04) ], [170331_092838877_Camera_2.png (84 83) ]
(62 31), [170331_092838377_Camera_2.png (89 00) ], [170331_092838877_Camera_2.png (85 80) ]
(63 28), [170331_092838377_Camera_2.png (90 98) ], [170331_092838877_Camera_2.png (86 79) ]
(64 25), [170331_092838377_Camera_2.png (90 96) ], [170331_092838877_Camera_2.png (86 78) ]
(65 22), [170331_092838377_Camera_2.png (91 94) ], [170331_092838877_Camera_2.png (87 76) ]
(67 19), [170331_092838377_Camera_2.png (92 92) ], [170331_092838877_Camera_2.png (88 75) ]
(68 16), [170331_092838377_Camera_2.png (93 90) ], [170331_092838877_Camera_2.png (88 74) ]
(69 13), [170331_092838377_Camera_2.png (93 88) ], [170331_092838877_Camera_2.png (89 72) ]
(70 10), [170331_092838377_Camera_2.png (94 87) ], [170331_092838877_Camera_2.png (89 71) ]
(71 07), [170331_092838377_Camera_2.png (95 85) ], [170331_092838877_Camera_2.png (90 70) ]
(72 04), [170331_092838377_Camera_2.png (96 83) ], [170331_092838877_Camera_2.png (90 68) ]
(73 01), [170331_092838377_Camera_2.png (96 81) ], [170331_092838877_Camera_2.png (91 67) ]
(74 98), [170331_092838377_Camera_2.png (97 79) ], [170331_092838877_Camera_2.png (91 66) ]
(75 95), [170331_092838377_Camera_2.png (98 77) ], [170331_092838877_Camera_2.png (92 64) ]
(76 92), [170331_092838377_Camera_2.png (98 75) ], [170331_092838877_Camera_2.png (93 63) ]
(77 89), [170331_092838377_Camera_2.png (99 73) ], [170331_092838877_Camera_2.png (93 62) ]
(78 86), [170331_092838377_Camera_2.png (00 71) ], [170331_092838877_Camera_2.png (94 60) ]
(79 83), [170331_092838377_Camera_2.png (01 70) ], [170331_092838877_Camera_2.png (94 59) ]
(26 48), [170331_092838377_Camera_2.png (63 74) ], [170331_092838877_Camera_2.png (65 32) ]
(27 45), [170331_092838377_Camera_2.png (64 71) ], [170331_092838877_Camera_2.png (65 30) ]
(28 41), [170331_092838377_Camera_2.png (65 69) ], [170331_092838877_Camera_2.png (66 29) ]
(30 38), [170331_092838377_Camera_2.png (66 67) ], [170331_092838877_Camera_2.png (67 28) ]
(31 35), [170331_092838377_Camera_2.png (67 65) ], [170331_092838877_Camera_2.png (67 26) ]
(32 32), [170331_092838377_Camera_2.png (68 63) ], [170331_092838877_Camera_2.png (68 24) ]
(33 28), [170331_092838377_Camera_2.png (68 61) ], [170331_092838877_Camera_2.png (69 23) ]
(35 25), [170331_092838377_Camera_2.png (69 58) ], [170331_092838877_Camera_2.png (69 21) ]
(36 21), [170331_092838377_Camera_2.png (70 56) ], [170331_092838877_Camera_2.png (70 20) ]
(37 18), [170331_092838377_Camera_2.png (71 54) ], [170331_092838877_Camera_2.png (71 18) ]
(39 14), [170331_092838377_Camera_2.png (72 52) ], [170331_092838877_Camera_2.png (71 17) ]
(40 11), [170331_092838377_Camera_2.png (72 50) ], [170331_092838877_Camera_2.png (72 15) ]
(41 08), [170331_092838377_Camera_2.png (73 48) ], [170331_092838877_Camera_2.png (73 14) ]
(42 05), [170331_092838377_Camera_2.png (74 46) ], [170331_092838877_Camera_2.png (73 13) ]
(43 01), [170331_092838377_Camera_2.png (75 44) ], [170331_092838877_Camera_2.png (74 11) ]
(44 98), [170331_092838377_Camera_2.png (76 42) ], [170331_092838877_Camera_2.png (74 10) ]
(45 95), [170331_092838377_Camera_2.png (76 39) ], [170331_092838877_Camera_2.png (75 08) ]
(47 92), [170331_092838377_Camera_2.png (77 37) ], [170331_092838877_Camera_2.png (76 07) ]
(48 88), [170331_092838377_Camera_2.png (78 35) ], [170331_092838877_Camera_2.png (76 05) ]
(49 85), [170331_092838377_Camera_2.png (79 33) ], [170331_092838877_Camera_2.png (77 04) ]
(50 82), [170331_092838377_Camera_2.png (80 31) ], [170331_092838877_Camera_2.png (78 02) ]
(52 75), [170331_092838377_Camera_2.png (81 27) ], [170331_092838877_Camera_2.png (79 99) ]
(54 72), [170331_092838377_Camera_2.png (82 25) ], [170331_092838877_Camera_2.png (79 98) ]
(55 69), [170331_092838377_Camera_2.png (83 23) ], [170331_092838877_Camera_2.png (80 97) ]
(56 66), [170331_092838377_Camera_2.png (84 21) ], [170331_092838877_Camera_2.png (81 95) ]
(57 63), [170331_092838377_Camera_2.png (84 19) ], [170331_092838877_Camera_2.png (81 94) ]
(58 60), [170331_092838377_Camera_2.png (85 17) ], [170331_092838877_Camera_2.png (82 92) ]
(59 57), [170331_092838377_Camera_2.png (86 15) ], [170331_092838877_Camera_2.png (82 91) ]
(61 53), [170331_092838377_Camera_2.png (87 13) ], [170331_092838877_Camera_2.png (83 90) ]
(62 50), [170331_092838377_Camera_2.png (88 11) ], [170331_092838877_Camera_2.png (84 88) ]
(63 47), [170331_092838377_Camera_2.png (88 09) ], [170331_092838877_Camera_2.png (84 87) ]
(64 44), [170331_092838377_Camera_2.png (89 07) ], [170331_092838877_Camera_2.png (85 86) ]
(65 41), [170331_092838377_Camera_2.png (90 05) ], [170331_092838877_Camera_2.png (85 84) ]
(66 38), [170331_092838377_Camera_2.png (91 03) ], [170331_092838877_Camera_2.png (86 83) ]
(67 35), [170331_092838377_Camera_2.png (91 01) ], [170331_092838877_Camera_2.png (87 81) ]
(68 32), [170331_092838377_Camera_2.png (92 99) ], [170331_092838877_Camera_2.png (87 80) ]
(70 29), [170331_092838377_Camera_2.png (93 97) ], [170331_092838877_Camera_2.png (88 79) ]
(70 26), [170331_092838377_Camera_2.png (94 95) ], [170331_092838877_Camera_2.png (88 77) ]
(72 23), [170331_092838377_Camera_2.png (95 94) ], [170331_092838877_Camera_2.png (89 76) ]
(73 20), [170331_092838377_Camera_2.png (95 92) ], [170331_092838877_Camera_2.png (90 75) ]
(75 14), [170331_092838377_Camera_2.png (97 88) ], [170331_092838877_Camera_2.png (91 72) ]
(76 11), [170331_092838377_Camera_2.png (97 86) ], [170331_092838877_Camera_2.png (91 71) ]
(77 08), [170331_092838377_Camera_2.png (98 84) ], [170331_092838877_Camera_2.png (92 69) ]
(78 05), [170331_092838377_Camera_2.png (99 82) ], [170331_092838877_Camera_2.png (92 68) ]
(79 02), [170331_092838377_Camera_2.png (00 80) ], [170331_092838877_Camera_2.png (93 67) ]
(80 99), [170331_092838377_Camera_2.png (00 78) ], [170331_092838877_Camera_2.png (93 65) ]
(81 96), [170331_092838377_Camera_2.png (01 76) ], [170331_092838877_Camera_2.png (94 64) ]
(82 93), [170331_092838377_Camera_2.png (02 75) ], [170331_092838877_Camera_2.png (95 63) ]
(32 49), [170331_092838377_Camera_2.png (66 73) ], [170331_092838877_Camera_2.png (67 31) ]
(33 45), [170331_092838377_Camera_2.png (67 71) ], [170331_092838877_Camera_2.png (67 30) ]
(35 42), [170331_092838377_Camera_2.png (68 69) ], [170331_092838877_Camera_2.png (68 28) ]
(36 39), [170331_092838377_Camera_2.png (69 67) ], [170331_092838877_Camera_2.png (69 27) ]
(37 35), [170331_092838377_Camera_2.png (70 64) ], [170331_092838877_Camera_2.png (69 25) ]
(39 32), [170331_092838377_Camera_2.png (71 62) ], [170331_092838877_Camera_2.png (70 24) ]
(41 25), [170331_092838377_Camera_2.png (72 58) ], [170331_092838877_Camera_2.png (71 21) ]
(42 22), [170331_092838377_Camera_2.png (73 56) ], [170331_092838877_Camera_2.png (72 19) ]
(43 18), [170331_092838377_Camera_2.png (74 53) ], [170331_092838877_Camera_2.png (72 18) ]
(45 15), [170331_092838377_Camera_2.png (75 52) ], [170331_092838877_Camera_2.png (73 16) ]
(46 12), [170331_092838377_Camera_2.png (76 49) ], [170331_092838877_Camera_2.png (74 15) ]
(47 09), [170331_092838377_Camera_2.png (76 47) ], [170331_092838877_Camera_2.png (74 13) ]
(48 05), [170331_092838377_Camera_2.png (77 45) ], [170331_092838877_Camera_2.png (75 12) ]
(49 02), [170331_092838377_Camera_2.png (78 43) ], [170331_092838877_Camera_2.png (76 10) ]
(51 99), [170331_092838377_Camera_2.png (79 41) ], [170331_092838877_Camera_2.png (76 09) ]
(51 95), [170331_092838377_Camera_2.png (79 39) ], [170331_092838877_Camera_2.png (77 07) ]
(53 92), [170331_092838377_Camera_2.png (80 37) ], [170331_092838877_Camera_2.png (78 06) ]
(54 89), [170331_092838377_Camera_2.png (81 35) ], [170331_092838877_Camera_2.png (78 05) ]
(55 86), [170331_092838377_Camera_2.png (82 33) ], [170331_092838877_Camera_2.png (79 03) ]
(56 82), [170331_092838377_Camera_2.png (83 30) ], [170331_092838877_Camera_2.png (79 02) ]
(58 79), [170331_092838377_Camera_2.png (84 29) ], [170331_092838877_Camera_2.png (80 00) ]
(59 76), [170331_092838377_Camera_2.png (84 26) ], [170331_092838877_Camera_2.png (81 99) ]
(60 73), [170331_092838377_Camera_2.png (85 25) ], [170331_092838877_Camera_2.png (81 98) ]
(61 70), [170331_092838377_Camera_2.png (86 22) ], [170331_092838877_Camera_2.png (82 96) ]
(62 67), [170331_092838377_Camera_2.png (87 20) ], [170331_092838877_Camera_2.png (83 95) ]
(63 63), [170331_092838377_Camera_2.png (87 18) ], [170331_092838877_Camera_2.png (83 93) ]
(65 57), [170331_092838377_Camera_2.png (89 14) ], [170331_092838877_Camera_2.png (84 90) ]
(67 55), [170331_092838377_Camera_2.png (90 13) ], [170331_092838877_Camera_2.png (85 89) ]
(68 51), [170331_092838377_Camera_2.png (91 11) ], [170331_092838877_Camera_2.png (86 88) ]
(69 48), [170331_092838377_Camera_2.png (91 09) ], [170331_092838877_Camera_2.png (86 86) ]
(70 45), [170331_092838377_Camera_2.png (92 07) ], [170331_092838877_Camera_2.png (87 85) ]
(71 42), [170331_092838377_Camera_2.png (93 05) ], [170331_092838877_Camera_2.png (87 84) ]
(73 39), [170331_092838377_Camera_2.png (94 03) ], [170331_092838877_Camera_2.png (88 82) ]
(74 36), [170331_092838377_Camera_2.png (94 01) ], [170331_092838877_Camera_2.png (88 81) ]
(75 32), [170331_092838377_Camera_2.png (95 99) ], [170331_092838877_Camera_2.png (89 80) ]
(76 30), [170331_092838377_Camera_2.png (96 97) ], [170331_092838877_Camera_2.png (90 78) ]
(77 26), [170331_092838377_Camera_2.png (97 95) ], [170331_092838877_Camera_2.png (90 77) ]
(78 23), [170331_092838377_Camera_2.png (97 93) ], [170331_092838877_Camera_2.png (91 76) ]
(79 20), [170331_092838377_Camera_2.png (98 91) ], [170331_092838877_Camera_2.png (91 74) ]
(80 17), [170331_092838377_Camera_2.png (99 89) ], [170331_092838877_Camera_2.png (92 73) ]
(81 14), [170331_092838377_Camera_2.png (00 87) ], [170331_092838877_Camera_2.png (93 72) ]
(82 11), [170331_092838377_Camera_2.png (00 85) ], [170331_092838877_Camera_2.png (93 70) ]
(83 08), [170331_092838377_Camera_2.png (01 84) ], [170331_092838877_Camera_2.png (94 69) ]
(85 06), [170331_092838377_Camera_2.png (02 82) ], [170331_092838877_Camera_2.png (95 68) ]
(86 02), [170331_092838377_Camera_2.png (03 80) ], [170331_092838877_Camera_2.png (95 66) ]
(87 99), [170331_092838377_Camera_2.png (04 78) ], [170331_092838877_Camera_2.png (95 65) ]
(38 50), [170331_092838377_Camera_2.png (70 72) ], [170331_092838877_Camera_2.png (69 31) ]
(40 46), [170331_092838377_Camera_2.png (71 70) ], [170331_092838877_Camera_2.png (69 29) ]
(41 43), [170331_092838377_Camera_2.png (71 68) ], [170331_092838877_Camera_2.png (70 28) ]
(42 40), [170331_092838377_Camera_2.png (72 66) ], [170331_092838877_Camera_2.png (71 26) ]
(43 36), [170331_092838377_Camera_2.png (73 64) ], [170331_092838877_Camera_2.png (71 25) ]
(45 33), [170331_092838377_Camera_2.png (74 62) ], [170331_092838877_Camera_2.png (72 23) ]
(46 29), [170331_092838377_Camera_2.png (75 59) ], [170331_092838877_Camera_2.png (73 22) ]
(47 26), [170331_092838377_Camera_2.png (76 57) ], [170331_092838877_Camera_2.png (73 20) ]
(48 23), [170331_092838377_Camera_2.png (76 55) ], [170331_092838877_Camera_2.png (74 19) ]
(50 19), [170331_092838377_Camera_2.png (77 53) ], [170331_092838877_Camera_2.png (75 17) ]
(50 16), [170331_092838377_Camera_2.png (78 51) ], [170331_092838877_Camera_2.png (75 16) ]
(52 13), [170331_092838377_Camera_2.png (79 49) ], [170331_092838877_Camera_2.png (76 14) ]
(54 06), [170331_092838377_Camera_2.png (80 45) ], [170331_092838877_Camera_2.png (77 11) ]
(55 03), [170331_092838377_Camera_2.png (81 42) ], [170331_092838877_Camera_2.png (78 10) ]
(57 00), [170331_092838377_Camera_2.png (82 40) ], [170331_092838877_Camera_2.png (78 09) ]
(58 97), [170331_092838377_Camera_2.png (83 38) ], [170331_092838877_Camera_2.png (79 07) ]
(59 93), [170331_092838377_Camera_2.png (84 36) ], [170331_092838877_Camera_2.png (80 06) ]
(60 90), [170331_092838377_Camera_2.png (84 34) ], [170331_092838877_Camera_2.png (80 04) ]
(62 87), [170331_092838377_Camera_2.png (86 33) ], [170331_092838877_Camera_2.png (81 03) ]
(63 83), [170331_092838377_Camera_2.png (86 30) ], [170331_092838877_Camera_2.png (81 01) ]
(64 81), [170331_092838377_Camera_2.png (87 28) ], [170331_092838877_Camera_2.png (82 00) ]
(65 77), [170331_092838377_Camera_2.png (88 26) ], [170331_092838877_Camera_2.png (83 99) ]
(66 74), [170331_092838377_Camera_2.png (89 24) ], [170331_092838877_Camera_2.png (83 97) ]
(67 71), [170331_092838377_Camera_2.png (89 22) ], [170331_092838877_Camera_2.png (84 96) ]
(68 68), [170331_092838377_Camera_2.png (90 20) ], [170331_092838877_Camera_2.png (84 94) ]
(70 64), [170331_092838377_Camera_2.png (91 18) ], [170331_092838877_Camera_2.png (85 93) ]
(71 61), [170331_092838377_Camera_2.png (91 16) ], [170331_092838877_Camera_2.png (86 92) ]
(72 58), [170331_092838377_Camera_2.png (92 14) ], [170331_092838877_Camera_2.png (86 90) ]
(73 55), [170331_092838377_Camera_2.png (93 12) ], [170331_092838877_Camera_2.png (87 89) ]
(74 52), [170331_092838377_Camera_2.png (94 10) ], [170331_092838877_Camera_2.png (88 88) ]
(75 49), [170331_092838377_Camera_2.png (95 08) ], [170331_092838877_Camera_2.png (88 86) ]
(76 46), [170331_092838377_Camera_2.png (95 06) ], [170331_092838877_Camera_2.png (89 85) ]
(79 40), [170331_092838377_Camera_2.png (97 02) ], [170331_092838877_Camera_2.png (90 82) ]
(80 37), [170331_092838377_Camera_2.png (98 00) ], [170331_092838877_Camera_2.png (90 81) ]
(81 33), [170331_092838377_Camera_2.png (98 98) ], [170331_092838877_Camera_2.png (91 79) ]
(83 31), [170331_092838377_Camera_2.png (00 97) ], [170331_092838877_Camera_2.png (92 78) ]
(83 27), [170331_092838377_Camera_2.png (00 95) ], [170331_092838877_Camera_2.png (92 77) ]
(84 24), [170331_092838377_Camera_2.png (01 93) ], [170331_092838877_Camera_2.png (93 75) ]
(86 21), [170331_092838377_Camera_2.png (02 91) ], [170331_092838877_Camera_2.png (93 74) ]
(86 18), [170331_092838377_Camera_2.png (02 89) ], [170331_092838877_Camera_2.png (94 73) ]
(87 15), [170331_092838377_Camera_2.png (03 87) ], [170331_092838877_Camera_2.png (94 71) ]
(89 13), [170331_092838377_Camera_2.png (04 85) ], [170331_092838877_Camera_2.png (95 70) ]
(90 09), [170331_092838377_Camera_2.png (04 83) ], [170331_092838877_Camera_2.png (96 69) ]
(45 51), [170331_092838377_Camera_2.png (73 72) ], [170331_092838877_Camera_2.png (71 30) ]
(46 47), [170331_092838377_Camera_2.png (74 70) ], [170331_092838877_Camera_2.png (71 29) ]
(47 44), [170331_092838377_Camera_2.png (74 67) ], [170331_092838877_Camera_2.png (72 27) ]
(48 40), [170331_092838377_Camera_2.png (75 65) ], [170331_092838877_Camera_2.png (73 26) ]
(50 37), [170331_092838377_Camera_2.png (76 63) ], [170331_092838877_Camera_2.png (73 24) ]
(51 34), [170331_092838377_Camera_2.png (77 61) ], [170331_092838877_Camera_2.png (74 23) ]
(52 31), [170331_092838377_Camera_2.png (78 59) ], [170331_092838877_Camera_2.png (75 21) ]
(53 27), [170331_092838377_Camera_2.png (79 57) ], [170331_092838877_Camera_2.png (75 20) ]
(55 24), [170331_092838377_Camera_2.png (80 55) ], [170331_092838877_Camera_2.png (76 18) ]
(56 21), [170331_092838377_Camera_2.png (80 53) ], [170331_092838877_Camera_2.png (77 17) ]
(57 17), [170331_092838377_Camera_2.png (81 50) ], [170331_092838877_Camera_2.png (77 15) ]
(58 14), [170331_092838377_Camera_2.png (82 48) ], [170331_092838877_Camera_2.png (78 14) ]
(59 11), [170331_092838377_Camera_2.png (83 46) ], [170331_092838877_Camera_2.png (78 13) ]
(61 07), [170331_092838377_Camera_2.png (84 44) ], [170331_092838877_Camera_2.png (79 11) ]
(62 04), [170331_092838377_Camera_2.png (84 42) ], [170331_092838877_Camera_2.png (80 10) ]
(63 01), [170331_092838377_Camera_2.png (85 40) ], [170331_092838877_Camera_2.png (80 08) ]
(64 97), [170331_092838377_Camera_2.png (86 38) ], [170331_092838877_Camera_2.png (81 07) ]
(66 94), [170331_092838377_Camera_2.png (87 36) ], [170331_092838877_Camera_2.png (82 05) ]
(68 88), [170331_092838377_Camera_2.png (88 32) ], [170331_092838877_Camera_2.png (83 02) ]
(69 85), [170331_092838377_Camera_2.png (89 30) ], [170331_092838877_Camera_2.png (83 01) ]
(70 82), [170331_092838377_Camera_2.png (90 28) ], [170331_092838877_Camera_2.png (84 00) ]
(71 78), [170331_092838377_Camera_2.png (91 26) ], [170331_092838877_Camera_2.png (85 98) ]
(73 75), [170331_092838377_Camera_2.png (92 24) ], [170331_092838877_Camera_2.png (85 97) ]
(74 72), [170331_092838377_Camera_2.png (92 22) ], [170331_092838877_Camera_2.png (86 96) ]
(75 69), [170331_092838377_Camera_2.png (93 20) ], [170331_092838877_Camera_2.png (86 94) ]
(76 66), [170331_092838377_Camera_2.png (94 18) ], [170331_092838877_Camera_2.png (87 93) ]
(77 62), [170331_092838377_Camera_2.png (95 16) ], [170331_092838877_Camera_2.png (87 91) ]
(78 59), [170331_092838377_Camera_2.png (96 14) ], [170331_092838877_Camera_2.png (88 90) ]
(80 56), [170331_092838377_Camera_2.png (96 12) ], [170331_092838877_Camera_2.png (89 89) ]
(81 53), [170331_092838377_Camera_2.png (97 10) ], [170331_092838877_Camera_2.png (90 87) ]
(82 50), [170331_092838377_Camera_2.png (98 08) ], [170331_092838877_Camera_2.png (90 86) ]
(83 47), [170331_092838377_Camera_2.png (99 06) ], [170331_092838877_Camera_2.png (91 85) ]
(84 44), [170331_092838377_Camera_2.png (99 04) ], [170331_092838877_Camera_2.png (91 83) ]
(85 41), [170331_092838377_Camera_2.png (00 02) ], [170331_092838877_Camera_2.png (92 82) ]
(86 37), [170331_092838377_Camera_2.png (01 00) ], [170331_092838877_Camera_2.png (92 80) ]
(87 34), [170331_092838377_Camera_2.png (02 98) ], [170331_092838877_Camera_2.png (93 79) ]
(89 32), [170331_092838377_Camera_2.png (02 96) ], [170331_092838877_Camera_2.png (93 78) ]
(90 28), [170331_092838377_Camera_2.png (03 94) ], [170331_092838877_Camera_2.png (94 76) ]
(92 23), [170331_092838377_Camera_2.png (05 91) ], [170331_092838877_Camera_2.png (95 74) ]
(93 19), [170331_092838377_Camera_2.png (05 89) ], [170331_092838877_Camera_2.png (96 72) ]
(94 16), [170331_092838377_Camera_2.png (06 87) ], [170331_092838877_Camera_2.png (96 71) ]
(53 45), [170331_092838377_Camera_2.png (78 67) ], [170331_092838877_Camera_2.png (74 27) ]
(55 42), [170331_092838377_Camera_2.png (79 65) ], [170331_092838877_Camera_2.png (75 25) ]
(56 38), [170331_092838377_Camera_2.png (80 63) ], [170331_092838877_Camera_2.png (75 24) ]
(57 35), [170331_092838377_Camera_2.png (80 61) ], [170331_092838877_Camera_2.png (76 23) ]
(58 32), [170331_092838377_Camera_2.png (81 58) ], [170331_092838877_Camera_2.png (76 21) ]
(60 28), [170331_092838377_Camera_2.png (82 56) ], [170331_092838877_Camera_2.png (77 19) ]
(61 25), [170331_092838377_Camera_2.png (83 54) ], [170331_092838877_Camera_2.png (78 18) ]
(62 22), [170331_092838377_Camera_2.png (84 52) ], [170331_092838877_Camera_2.png (78 17) ]
(64 18), [170331_092838377_Camera_2.png (84 50) ], [170331_092838877_Camera_2.png (79 15) ]
(65 15), [170331_092838377_Camera_2.png (85 48) ], [170331_092838877_Camera_2.png (80 14) ]
(66 12), [170331_092838377_Camera_2.png (86 46) ], [170331_092838877_Camera_2.png (80 12) ]
(67 08), [170331_092838377_Camera_2.png (87 44) ], [170331_092838877_Camera_2.png (81 11) ]
(68 05), [170331_092838377_Camera_2.png (88 42) ], [170331_092838877_Camera_2.png (82 09) ]
(70 02), [170331_092838377_Camera_2.png (88 40) ], [170331_092838877_Camera_2.png (82 08) ]
(71 99), [170331_092838377_Camera_2.png (89 38) ], [170331_092838877_Camera_2.png (83 06) ]
(72 96), [170331_092838377_Camera_2.png (90 36) ], [170331_092838877_Camera_2.png (84 05) ]
(73 92), [170331_092838377_Camera_2.png (91 34) ], [170331_092838877_Camera_2.png (84 04) ]
(74 89), [170331_092838377_Camera_2.png (92 31) ], [170331_092838877_Camera_2.png (85 02) ]
(76 86), [170331_092838377_Camera_2.png (93 30) ], [170331_092838877_Camera_2.png (85 01) ]
(77 83), [170331_092838377_Camera_2.png (93 27) ], [170331_092838877_Camera_2.png (86 99) ]
(78 80), [170331_092838377_Camera_2.png (94 26) ], [170331_092838877_Camera_2.png (87 98) ]
(80 73), [170331_092838377_Camera_2.png (96 21) ], [170331_092838877_Camera_2.png (88 95) ]
(81 70), [170331_092838377_Camera_2.png (96 19) ], [170331_092838877_Camera_2.png (88 94) ]
(83 67), [170331_092838377_Camera_2.png (97 18) ], [170331_092838877_Camera_2.png (89 92) ]
(84 64), [170331_092838377_Camera_2.png (98 16) ], [170331_092838877_Camera_2.png (90 91) ]
(85 61), [170331_092838377_Camera_2.png (99 14) ], [170331_092838877_Camera_2.png (90 90) ]
(86 58), [170331_092838377_Camera_2.png (00 12) ], [170331_092838877_Camera_2.png (91 88) ]
(87 54), [170331_092838377_Camera_2.png (00 10) ], [170331_092838877_Camera_2.png (91 87) ]
(88 51), [170331_092838377_Camera_2.png (01 08) ], [170331_092838877_Camera_2.png (92 86) ]
(89 48), [170331_092838377_Camera_2.png (02 06) ], [170331_092838877_Camera_2.png (92 84) ]
(91 45), [170331_092838377_Camera_2.png (03 04) ], [170331_092838877_Camera_2.png (93 83) ]
(92 42), [170331_092838377_Camera_2.png (03 02) ], [170331_092838877_Camera_2.png (94 82) ]
(93 39), [170331_092838377_Camera_2.png (04 00) ], [170331_092838877_Camera_2.png (94 80) ]
(94 36), [170331_092838377_Camera_2.png (05 98) ], [170331_092838877_Camera_2.png (95 79) ]
(95 33), [170331_092838377_Camera_2.png (06 96) ], [170331_092838877_Camera_2.png (96 78) ]
(96 30), [170331_092838377_Camera_2.png (06 94) ], [170331_092838877_Camera_2.png (96 76) ]
(97 27), [170331_092838377_Camera_2.png (07 92) ], [170331_092838877_Camera_2.png (97 75) ]
(59 50), [170331_092838377_Camera_2.png (80 69) ], [170331_092838877_Camera_2.png (75 28) ]
(61 47), [170331_092838377_Camera_2.png (81 67) ], [170331_092838877_Camera_2.png (76 27) ]
(61 43), [170331_092838377_Camera_2.png (82 65) ], [170331_092838877_Camera_2.png (77 25) ]
(63 40), [170331_092838377_Camera_2.png (83 63) ], [170331_092838877_Camera_2.png (77 24) ]
(64 36), [170331_092838377_Camera_2.png (84 60) ], [170331_092838877_Camera_2.png (78 22) ]
(67 30), [170331_092838377_Camera_2.png (85 56) ], [170331_092838877_Camera_2.png (79 19) ]
(68 26), [170331_092838377_Camera_2.png (86 54) ], [170331_092838877_Camera_2.png (80 18) ]
(69 23), [170331_092838377_Camera_2.png (87 52) ], [170331_092838877_Camera_2.png (80 16) ]
(70 20), [170331_092838377_Camera_2.png (88 50) ], [170331_092838877_Camera_2.png (81 15) ]
(71 16), [170331_092838377_Camera_2.png (88 48) ], [170331_092838877_Camera_2.png (82 13) ]
(73 13), [170331_092838377_Camera_2.png (89 46) ], [170331_092838877_Camera_2.png (82 12) ]
(74 10), [170331_092838377_Camera_2.png (90 44) ], [170331_092838877_Camera_2.png (83 11) ]
(75 07), [170331_092838377_Camera_2.png (91 42) ], [170331_092838877_Camera_2.png (84 09) ]
(76 03), [170331_092838377_Camera_2.png (92 39) ], [170331_092838877_Camera_2.png (84 08) ]
(77 00), [170331_092838377_Camera_2.png (93 37) ], [170331_092838877_Camera_2.png (85 06) ]
(79 97), [170331_092838377_Camera_2.png (93 35) ], [170331_092838877_Camera_2.png (85 05) ]
(80 94), [170331_092838377_Camera_2.png (94 34) ], [170331_092838877_Camera_2.png (86 04) ]
(81 90), [170331_092838377_Camera_2.png (95 31) ], [170331_092838877_Camera_2.png (87 02) ]
(82 87), [170331_092838377_Camera_2.png (96 29) ], [170331_092838877_Camera_2.png (87 01) ]
(83 84), [170331_092838377_Camera_2.png (97 27) ], [170331_092838877_Camera_2.png (88 99) ]
(84 81), [170331_092838377_Camera_2.png (97 25) ], [170331_092838877_Camera_2.png (88 98) ]
(86 78), [170331_092838377_Camera_2.png (98 23) ], [170331_092838877_Camera_2.png (89 96) ]
(87 75), [170331_092838377_Camera_2.png (99 21) ], [170331_092838877_Camera_2.png (90 95) ]
(88 71), [170331_092838377_Camera_2.png (00 19) ], [170331_092838877_Camera_2.png (90 94) ]
(89 68), [170331_092838377_Camera_2.png (01 17) ], [170331_092838877_Camera_2.png (91 92) ]
(92 62), [170331_092838377_Camera_2.png (02 14) ], [170331_092838877_Camera_2.png (92 90) ]
(93 59), [170331_092838377_Camera_2.png (03 11) ], [170331_092838877_Camera_2.png (93 88) ]
(94 56), [170331_092838377_Camera_2.png (04 09) ], [170331_092838877_Camera_2.png (93 87) ]
(95 53), [170331_092838377_Camera_2.png (04 07) ], [170331_092838877_Camera_2.png (94 85) ]
(96 49), [170331_092838377_Camera_2.png (05 05) ], [170331_092838877_Camera_2.png (94 84) ]
(97 47), [170331_092838377_Camera_2.png (06 04) ], [170331_092838877_Camera_2.png (95 83) ]
(99 44), [170331_092838377_Camera_2.png (07 02) ], [170331_092838877_Camera_2.png (96 82) ]
(00 41), [170331_092838377_Camera_2.png (08 00) ], [170331_092838877_Camera_2.png (96 80) ]
(01 37), [170331_092838377_Camera_2.png (08 98) ], [170331_092838877_Camera_2.png (97 79) ]
(566 451), [170331_092838377_Camera_2.png (384 869) ], [170331_092838877_Camera_2.png (277 428) ]
(567 448), [170331_092838377_Camera_2.png (385 866) ], [170331_092838877_Camera_2.png (278 426) ]
(569 445), [170331_092838377_Camera_2.png (386 864) ], [170331_092838877_Camera_2.png (279 425) ]
(569 441), [170331_092838377_Camera_2.png (386 862) ], [170331_092838877_Camera_2.png (279 423) ]
(571 438), [170331_092838377_Camera_2.png (387 860) ], [170331_092838877_Camera_2.png (280 422) ]
(572 434), [170331_092838377_Camera_2.png (388 858) ], [170331_092838877_Camera_2.png (281 420) ]
(573 431), [170331_092838377_Camera_2.png (389 856) ], [170331_092838877_Camera_2.png (281 419) ]
(575 428), [170331_092838377_Camera_2.png (390 854) ], [170331_092838877_Camera_2.png (282 417) ]
(576 424), [170331_092838377_Camera_2.png (390 852) ], [170331_092838877_Camera_2.png (282 416) ]
(578 418), [170331_092838377_Camera_2.png (392 847) ], [170331_092838877_Camera_2.png (284 413) ]
(580 415), [170331_092838377_Camera_2.png (393 846) ], [170331_092838877_Camera_2.png (285 412) ]
(581 411), [170331_092838377_Camera_2.png (394 843) ], [170331_092838877_Camera_2.png (285 410) ]
(582 408), [170331_092838377_Camera_2.png (394 841) ], [170331_092838877_Camera_2.png (286 409) ]
(583 405), [170331_092838377_Camera_2.png (395 839) ], [170331_092838877_Camera_2.png (286 407) ]
(584 402), [170331_092838377_Camera_2.png (396 837) ], [170331_092838877_Camera_2.png (287 406) ]
(586 399), [170331_092838377_Camera_2.png (397 835) ], [170331_092838877_Camera_2.png (287 405) ]
(587 395), [170331_092838377_Camera_2.png (398 833) ], [170331_092838877_Camera_2.png (288 403) ]
(588 392), [170331_092838377_Camera_2.png (398 831) ], [170331_092838877_Camera_2.png (289 402) ]
(589 389), [170331_092838377_Camera_2.png (399 829) ], [170331_092838877_Camera_2.png (289 400) ]
(590 386), [170331_092838377_Camera_2.png (400 827) ], [170331_092838877_Camera_2.png (290 399) ]
(592 383), [170331_092838377_Camera_2.png (401 825) ], [170331_092838877_Camera_2.png (291 398) ]
(593 380), [170331_092838377_Camera_2.png (402 823) ], [170331_092838877_Camera_2.png (291 396) ]
(594 376), [170331_092838377_Camera_2.png (402 821) ], [170331_092838877_Camera_2.png (292 395) ]
(595 373), [170331_092838377_Camera_2.png (403 819) ], [170331_092838877_Camera_2.png (292 394) ]
(597 370), [170331_092838377_Camera_2.png (404 817) ], [170331_092838877_Camera_2.png (293 392) ]
(597 366), [170331_092838377_Camera_2.png (404 815) ], [170331_092838877_Camera_2.png (293 391) ]
(599 364), [170331_092838377_Camera_2.png (405 813) ], [170331_092838877_Camera_2.png (294 389) ]
(600 360), [170331_092838377_Camera_2.png (406 811) ], [170331_092838877_Camera_2.png (295 388) ]
(601 357), [170331_092838377_Camera_2.png (407 809) ], [170331_092838877_Camera_2.png (295 387) ]
(603 351), [170331_092838377_Camera_2.png (408 805) ], [170331_092838877_Camera_2.png (296 384) ]
(604 348), [170331_092838377_Camera_2.png (409 803) ], [170331_092838877_Camera_2.png (297 383) ]
(606 345), [170331_092838377_Camera_2.png (410 802) ], [170331_092838877_Camera_2.png (298 381) ]
(574 450), [170331_092838377_Camera_2.png (388 866) ], [170331_092838877_Camera_2.png (280 426) ]
(575 446), [170331_092838377_Camera_2.png (389 864) ], [170331_092838877_Camera_2.png (281 424) ]
(577 443), [170331_092838377_Camera_2.png (390 862) ], [170331_092838877_Camera_2.png (281 423) ]
(578 439), [170331_092838377_Camera_2.png (391 860) ], [170331_092838877_Camera_2.png (282 421) ]
(579 436), [170331_092838377_Camera_2.png (391 858) ], [170331_092838877_Camera_2.png (283 420) ]
(580 433), [170331_092838377_Camera_2.png (392 856) ], [170331_092838877_Camera_2.png (283 419) ]
(581 429), [170331_092838377_Camera_2.png (393 853) ], [170331_092838877_Camera_2.png (284 417) ]
(583 426), [170331_092838377_Camera_2.png (394 851) ], [170331_092838877_Camera_2.png (285 416) ]
(584 423), [170331_092838377_Camera_2.png (395 849) ], [170331_092838877_Camera_2.png (285 414) ]
(585 420), [170331_092838377_Camera_2.png (395 847) ], [170331_092838877_Camera_2.png (286 413) ]
(587 417), [170331_092838377_Camera_2.png (396 845) ], [170331_092838877_Camera_2.png (287 411) ]
(588 413), [170331_092838377_Camera_2.png (397 843) ], [170331_092838877_Camera_2.png (287 410) ]
(589 410), [170331_092838377_Camera_2.png (398 841) ], [170331_092838877_Camera_2.png (288 409) ]
(592 404), [170331_092838377_Camera_2.png (400 837) ], [170331_092838877_Camera_2.png (289 406) ]
(593 400), [170331_092838377_Camera_2.png (400 835) ], [170331_092838877_Camera_2.png (290 404) ]
(594 397), [170331_092838377_Camera_2.png (401 833) ], [170331_092838877_Camera_2.png (290 403) ]
(595 394), [170331_092838377_Camera_2.png (402 831) ], [170331_092838877_Camera_2.png (291 402) ]
(596 391), [170331_092838377_Camera_2.png (403 829) ], [170331_092838877_Camera_2.png (291 400) ]
(598 387), [170331_092838377_Camera_2.png (404 827) ], [170331_092838877_Camera_2.png (292 399) ]
(599 384), [170331_092838377_Camera_2.png (404 825) ], [170331_092838877_Camera_2.png (293 397) ]
(600 381), [170331_092838377_Camera_2.png (405 823) ], [170331_092838877_Camera_2.png (293 396) ]
(601 378), [170331_092838377_Camera_2.png (406 821) ], [170331_092838877_Camera_2.png (294 395) ]
(602 375), [170331_092838377_Camera_2.png (407 819) ], [170331_092838877_Camera_2.png (294 393) ]
(603 371), [170331_092838377_Camera_2.png (407 817) ], [170331_092838877_Camera_2.png (295 392) ]
(605 369), [170331_092838377_Camera_2.png (408 815) ], [170331_092838877_Camera_2.png (296 391) ]
(606 365), [170331_092838377_Camera_2.png (409 813) ], [170331_092838877_Camera_2.png (296 389) ]
(607 362), [170331_092838377_Camera_2.png (410 811) ], [170331_092838877_Camera_2.png (297 388) ]
(608 359), [170331_092838377_Camera_2.png (411 809) ], [170331_092838877_Camera_2.png (297 387) ]
(609 356), [170331_092838377_Camera_2.png (411 807) ], [170331_092838877_Camera_2.png (298 385) ]
(583 448), [170331_092838377_Camera_2.png (393 864) ], [170331_092838877_Camera_2.png (283 424) ]
(584 444), [170331_092838377_Camera_2.png (393 862) ], [170331_092838877_Camera_2.png (284 423) ]
(585 441), [170331_092838377_Camera_2.png (394 860) ], [170331_092838877_Camera_2.png (284 421) ]
(586 438), [170331_092838377_Camera_2.png (395 857) ], [170331_092838877_Camera_2.png (285 420) ]
(588 435), [170331_092838377_Camera_2.png (396 856) ], [170331_092838877_Camera_2.png (286 418) ]
(589 431), [170331_092838377_Camera_2.png (397 853) ], [170331_092838877_Camera_2.png (286 417) ]
(590 428), [170331_092838377_Camera_2.png (397 851) ], [170331_092838877_Camera_2.png (287 415) ]
(592 425), [170331_092838377_Camera_2.png (398 849) ], [170331_092838877_Camera_2.png (287 414) ]
(593 422), [170331_092838377_Camera_2.png (399 847) ], [170331_092838877_Camera_2.png (288 413) ]
(594 418), [170331_092838377_Camera_2.png (400 845) ], [170331_092838877_Camera_2.png (289 411) ]
(595 415), [170331_092838377_Camera_2.png (401 843) ], [170331_092838877_Camera_2.png (289 410) ]
(597 412), [170331_092838377_Camera_2.png (402 841) ], [170331_092838877_Camera_2.png (290 409) ]
(598 409), [170331_092838377_Camera_2.png (402 839) ], [170331_092838877_Camera_2.png (291 407) ]
(599 406), [170331_092838377_Camera_2.png (403 837) ], [170331_092838877_Camera_2.png (291 406) ]
(600 402), [170331_092838377_Camera_2.png (404 835) ], [170331_092838877_Camera_2.png (292 404) ]
(602 399), [170331_092838377_Camera_2.png (405 833) ], [170331_092838877_Camera_2.png (292 403) ]
(603 396), [170331_092838377_Camera_2.png (406 831) ], [170331_092838877_Camera_2.png (293 401) ]
(604 392), [170331_092838377_Camera_2.png (406 829) ], [170331_092838877_Camera_2.png (293 400) ]
(606 386), [170331_092838377_Camera_2.png (408 825) ], [170331_092838877_Camera_2.png (295 397) ]
(607 383), [170331_092838377_Camera_2.png (409 823) ], [170331_092838877_Camera_2.png (295 396) ]
(609 380), [170331_092838377_Camera_2.png (410 821) ], [170331_092838877_Camera_2.png (296 395) ]
(610 376), [170331_092838377_Camera_2.png (410 819) ], [170331_092838877_Camera_2.png (297 393) ]
(611 373), [170331_092838377_Camera_2.png (411 817) ], [170331_092838877_Camera_2.png (297 392) ]
(612 370), [170331_092838377_Camera_2.png (412 815) ], [170331_092838877_Camera_2.png (298 390) ]
(613 367), [170331_092838377_Camera_2.png (413 813) ], [170331_092838877_Camera_2.png (298 389) ]
(591 450), [170331_092838377_Camera_2.png (396 864) ], [170331_092838877_Camera_2.png (285 424) ]
(593 443), [170331_092838377_Camera_2.png (398 859) ], [170331_092838877_Camera_2.png (286 421) ]
(594 440), [170331_092838377_Camera_2.png (398 857) ], [170331_092838877_Camera_2.png (287 419) ]
(596 437), [170331_092838377_Camera_2.png (400 855) ], [170331_092838877_Camera_2.png (288 418) ]
(597 434), [170331_092838377_Camera_2.png (400 853) ], [170331_092838877_Camera_2.png (288 417) ]
(598 430), [170331_092838377_Camera_2.png (401 851) ], [170331_092838877_Camera_2.png (289 415) ]
(599 427), [170331_092838377_Camera_2.png (402 849) ], [170331_092838877_Camera_2.png (290 414) ]
(600 424), [170331_092838377_Camera_2.png (403 847) ], [170331_092838877_Camera_2.png (290 412) ]
(602 420), [170331_092838377_Camera_2.png (403 845) ], [170331_092838877_Camera_2.png (291 411) ]
(603 417), [170331_092838377_Camera_2.png (405 843) ], [170331_092838877_Camera_2.png (291 410) ]
(604 414), [170331_092838377_Camera_2.png (405 841) ], [170331_092838877_Camera_2.png (292 408) ]
(606 411), [170331_092838377_Camera_2.png (406 839) ], [170331_092838877_Camera_2.png (293 407) ]
(607 407), [170331_092838377_Camera_2.png (407 837) ], [170331_092838877_Camera_2.png (293 405) ]
(608 404), [170331_092838377_Camera_2.png (408 835) ], [170331_092838877_Camera_2.png (294 404) ]
(609 401), [170331_092838377_Camera_2.png (409 833) ], [170331_092838877_Camera_2.png (295 403) ]
(610 398), [170331_092838377_Camera_2.png (409 831) ], [170331_092838877_Camera_2.png (295 401) ]
(611 394), [170331_092838377_Camera_2.png (410 829) ], [170331_092838877_Camera_2.png (296 400) ]
(613 392), [170331_092838377_Camera_2.png (411 827) ], [170331_092838877_Camera_2.png (297 399) ]
(614 388), [170331_092838377_Camera_2.png (411 825) ], [170331_092838877_Camera_2.png (297 397) ]
(615 385), [170331_092838377_Camera_2.png (412 823) ], [170331_092838877_Camera_2.png (297 396) ]
(616 382), [170331_092838377_Camera_2.png (413 821) ], [170331_092838877_Camera_2.png (298 395) ]
(599 449), [170331_092838377_Camera_2.png (401 861) ], [170331_092838877_Camera_2.png (288 422) ]
(601 446), [170331_092838377_Camera_2.png (402 860) ], [170331_092838877_Camera_2.png (289 421) ]
(602 442), [170331_092838377_Camera_2.png (402 857) ], [170331_092838877_Camera_2.png (289 419) ]
(605 436), [170331_092838377_Camera_2.png (404 854) ], [170331_092838877_Camera_2.png (291 417) ]
(606 433), [170331_092838377_Camera_2.png (405 851) ], [170331_092838877_Camera_2.png (291 415) ]
(607 429), [170331_092838377_Camera_2.png (406 849) ], [170331_092838877_Camera_2.png (292 414) ]
(608 426), [170331_092838377_Camera_2.png (407 847) ], [170331_092838877_Camera_2.png (292 412) ]
(610 423), [170331_092838377_Camera_2.png (407 845) ], [170331_092838877_Camera_2.png (293 411) ]
(611 419), [170331_092838377_Camera_2.png (408 843) ], [170331_092838877_Camera_2.png (294 410) ]
(612 416), [170331_092838377_Camera_2.png (409 841) ], [170331_092838877_Camera_2.png (294 408) ]
(613 413), [170331_092838377_Camera_2.png (410 839) ], [170331_092838877_Camera_2.png (295 407) ]
(615 410), [170331_092838377_Camera_2.png (411 837) ], [170331_092838877_Camera_2.png (295 405) ]
(616 407), [170331_092838377_Camera_2.png (412 835) ], [170331_092838877_Camera_2.png (296 404) ]
(609 448), [170331_092838377_Camera_2.png (406 860) ], [170331_092838877_Camera_2.png (291 421) ]
(610 445), [170331_092838377_Camera_2.png (406 857) ], [170331_092838877_Camera_2.png (291 419) ]
(611 442), [170331_092838377_Camera_2.png (407 855) ], [170331_092838877_Camera_2.png (292 418) ]
(613 439), [170331_092838377_Camera_2.png (408 854) ], [170331_092838877_Camera_2.png (293 417) ]
(09 7), [170331_092838377_Camera_2.png (02 0) ], [170331_092838877_Camera_2.png (33 0) ]
(10 4), [170331_092838377_Camera_2.png (03 8) ], [170331_092838877_Camera_2.png (34 9) ]
(11 1), [170331_092838377_Camera_2.png (03 6) ], [170331_092838877_Camera_2.png (34 8) ]
(12 9), [170331_092838377_Camera_2.png (04 5) ], [170331_092838877_Camera_2.png (35 7) ]
(13 6), [170331_092838377_Camera_2.png (05 3) ], [170331_092838877_Camera_2.png (35 5) ]
(13 3), [170331_092838377_Camera_2.png (05 1) ], [170331_092838877_Camera_2.png (36 4) ]
(15 0), [170331_092838377_Camera_2.png (06 0) ], [170331_092838877_Camera_2.png (37 3) ]
(16 8), [170331_092838377_Camera_2.png (07 8) ], [170331_092838877_Camera_2.png (37 2) ]
(17 5), [170331_092838377_Camera_2.png (08 6) ], [170331_092838877_Camera_2.png (38 1) ]
(17 3), [170331_092838377_Camera_2.png (08 5) ], [170331_092838877_Camera_2.png (38 0) ]
(20 0), [170331_092838377_Camera_2.png (10 3) ], [170331_092838877_Camera_2.png (39 8) ]
(19 8), [170331_092838377_Camera_2.png (09 2) ], [170331_092838877_Camera_2.png (38 7) ]
(21 4), [170331_092838377_Camera_2.png (11 0) ], [170331_092838877_Camera_2.png (40 6) ]
(21 2), [170331_092838377_Camera_2.png (11 8) ], [170331_092838877_Camera_2.png (40 5) ]
(22 0), [170331_092838377_Camera_2.png (11 7) ], [170331_092838877_Camera_2.png (40 4) ]
(23 7), [170331_092838377_Camera_2.png (11 5) ], [170331_092838877_Camera_2.png (41 3) ]
(24 4), [170331_092838377_Camera_2.png (12 3) ], [170331_092838877_Camera_2.png (41 1) ]
(25 1), [170331_092838377_Camera_2.png (13 2) ], [170331_092838877_Camera_2.png (42 0) ]
(27 6), [170331_092838377_Camera_2.png (14 8) ], [170331_092838877_Camera_2.png (43 8) ]
(27 4), [170331_092838377_Camera_2.png (15 7) ], [170331_092838877_Camera_2.png (43 7) ]
(29 1), [170331_092838377_Camera_2.png (16 5) ], [170331_092838877_Camera_2.png (44 5) ]
(30 8), [170331_092838377_Camera_2.png (16 3) ], [170331_092838877_Camera_2.png (45 4) ]
(30 5), [170331_092838377_Camera_2.png (17 2) ], [170331_092838877_Camera_2.png (45 3) ]
(32 2), [170331_092838377_Camera_2.png (18 0) ], [170331_092838877_Camera_2.png (46 1) ]
(34 9), [170331_092838377_Camera_2.png (20 7) ], [170331_092838877_Camera_2.png (47 0) ]
(35 6), [170331_092838377_Camera_2.png (20 6) ], [170331_092838877_Camera_2.png (48 9) ]
(36 4), [170331_092838377_Camera_2.png (21 4) ], [170331_092838877_Camera_2.png (48 8) ]
(35 1), [170331_092838377_Camera_2.png (21 3) ], [170331_092838877_Camera_2.png (48 7) ]
(36 8), [170331_092838377_Camera_2.png (21 1) ], [170331_092838877_Camera_2.png (48 5) ]
(38 6), [170331_092838377_Camera_2.png (22 0) ], [170331_092838877_Camera_2.png (49 4) ]
(38 3), [170331_092838377_Camera_2.png (23 8) ], [170331_092838877_Camera_2.png (49 3) ]
(39 0), [170331_092838377_Camera_2.png (23 6) ], [170331_092838877_Camera_2.png (50 2) ]
(40 7), [170331_092838377_Camera_2.png (24 5) ], [170331_092838877_Camera_2.png (50 0) ]
(41 5), [170331_092838377_Camera_2.png (24 3) ], [170331_092838877_Camera_2.png (51 9) ]
(42 2), [170331_092838377_Camera_2.png (25 1) ], [170331_092838877_Camera_2.png (51 8) ]
(43 9), [170331_092838377_Camera_2.png (26 9) ], [170331_092838877_Camera_2.png (52 7) ]
(43 7), [170331_092838377_Camera_2.png (26 8) ], [170331_092838877_Camera_2.png (52 6) ]
(43 4), [170331_092838377_Camera_2.png (26 7) ], [170331_092838877_Camera_2.png (52 5) ]
(47 8), [170331_092838377_Camera_2.png (28 2) ], [170331_092838877_Camera_2.png (54 2) ]
(47 5), [170331_092838377_Camera_2.png (28 1) ], [170331_092838877_Camera_2.png (54 1) ]
(48 2), [170331_092838377_Camera_2.png (29 9) ], [170331_092838877_Camera_2.png (54 0) ]
(49 0), [170331_092838377_Camera_2.png (30 7) ], [170331_092838877_Camera_2.png (55 8) ]
(49 7), [170331_092838377_Camera_2.png (30 6) ], [170331_092838877_Camera_2.png (55 7) ]
(51 4), [170331_092838377_Camera_2.png (31 4) ], [170331_092838877_Camera_2.png (56 6) ]
(51 1), [170331_092838377_Camera_2.png (31 2) ], [170331_092838877_Camera_2.png (56 5) ]
(53 8), [170331_092838377_Camera_2.png (32 0) ], [170331_092838877_Camera_2.png (57 3) ]
(53 5), [170331_092838377_Camera_2.png (33 9) ], [170331_092838877_Camera_2.png (57 2) ]
(54 2), [170331_092838377_Camera_2.png (33 7) ], [170331_092838877_Camera_2.png (58 1) ]
(55 0), [170331_092838377_Camera_2.png (33 5) ], [170331_092838877_Camera_2.png (58 0) ]
(55 7), [170331_092838377_Camera_2.png (34 4) ], [170331_092838877_Camera_2.png (58 8) ]
(61 39), [170331_092838377_Camera_2.png (98 44) ], [170331_092838877_Camera_2.png (50 7) ]
(62 37), [170331_092838377_Camera_2.png (99 42) ], [170331_092838877_Camera_2.png (50 6) ]
(62 35), [170331_092838377_Camera_2.png (99 41) ], [170331_092838877_Camera_2.png (50 6) ]
(62 33), [170331_092838377_Camera_2.png (99 40) ], [170331_092838877_Camera_2.png (50 5) ]
(63 31), [170331_092838377_Camera_2.png (00 39) ], [170331_092838877_Camera_2.png (51 4) ]
(64 29), [170331_092838377_Camera_2.png (00 38) ], [170331_092838877_Camera_2.png (52 3) ]
(65 27), [170331_092838377_Camera_2.png (01 36) ], [170331_092838877_Camera_2.png (52 2) ]
(66 25), [170331_092838377_Camera_2.png (01 35) ], [170331_092838877_Camera_2.png (52 1) ]
(66 24), [170331_092838377_Camera_2.png (01 34) ], [170331_092838877_Camera_2.png (52 1) ]
(67 22), [170331_092838377_Camera_2.png (02 33) ], [170331_092838877_Camera_2.png (53 0) ]
(67 20), [170331_092838377_Camera_2.png (02 32) ], [170331_092838877_Camera_2.png (53 9) ]
(68 18), [170331_092838377_Camera_2.png (03 30) ], [170331_092838877_Camera_2.png (54 8) ]
(69 16), [170331_092838377_Camera_2.png (03 29) ], [170331_092838877_Camera_2.png (54 7) ]
(69 14), [170331_092838377_Camera_2.png (04 28) ], [170331_092838877_Camera_2.png (54 6) ]
(70 12), [170331_092838377_Camera_2.png (05 27) ], [170331_092838877_Camera_2.png (55 5) ]
(71 10), [170331_092838377_Camera_2.png (05 26) ], [170331_092838877_Camera_2.png (56 4) ]
(72 08), [170331_092838377_Camera_2.png (05 24) ], [170331_092838877_Camera_2.png (56 4) ]
(73 06), [170331_092838377_Camera_2.png (07 23) ], [170331_092838877_Camera_2.png (57 3) ]
(73 04), [170331_092838377_Camera_2.png (06 22) ], [170331_092838877_Camera_2.png (56 2) ]
(74 02), [170331_092838377_Camera_2.png (07 21) ], [170331_092838877_Camera_2.png (57 1) ]
(75 98), [170331_092838377_Camera_2.png (08 18) ], [170331_092838877_Camera_2.png (57 9) ]
(75 96), [170331_092838377_Camera_2.png (08 17) ], [170331_092838877_Camera_2.png (58 9) ]
(76 94), [170331_092838377_Camera_2.png (08 16) ], [170331_092838877_Camera_2.png (58 8) ]
(76 93), [170331_092838377_Camera_2.png (08 15) ], [170331_092838877_Camera_2.png (58 7) ]
(78 90), [170331_092838377_Camera_2.png (10 14) ], [170331_092838877_Camera_2.png (59 6) ]
(78 89), [170331_092838377_Camera_2.png (09 12) ], [170331_092838877_Camera_2.png (59 5) ]
(79 87), [170331_092838377_Camera_2.png (10 11) ], [170331_092838877_Camera_2.png (60 4) ]
(79 85), [170331_092838377_Camera_2.png (10 10) ], [170331_092838877_Camera_2.png (60 3) ]
(81 83), [170331_092838377_Camera_2.png (12 09) ], [170331_092838877_Camera_2.png (61 2) ]
(81 81), [170331_092838377_Camera_2.png (12 07) ], [170331_092838877_Camera_2.png (61 2) ]
(81 79), [170331_092838377_Camera_2.png (12 06) ], [170331_092838877_Camera_2.png (61 1) ]
(82 77), [170331_092838377_Camera_2.png (13 05) ], [170331_092838877_Camera_2.png (61 0) ]
(83 75), [170331_092838377_Camera_2.png (13 04) ], [170331_092838877_Camera_2.png (62 9) ]
(84 73), [170331_092838377_Camera_2.png (14 03) ], [170331_092838877_Camera_2.png (62 8) ]
(84 71), [170331_092838377_Camera_2.png (14 01) ], [170331_092838877_Camera_2.png (62 7) ]
(85 69), [170331_092838377_Camera_2.png (14 00) ], [170331_092838877_Camera_2.png (63 6) ]
(86 67), [170331_092838377_Camera_2.png (15 99) ], [170331_092838877_Camera_2.png (63 6) ]
(86 65), [170331_092838377_Camera_2.png (16 98) ], [170331_092838877_Camera_2.png (64 5) ]
(87 63), [170331_092838377_Camera_2.png (16 97) ], [170331_092838877_Camera_2.png (64 4) ]
(88 61), [170331_092838377_Camera_2.png (16 95) ], [170331_092838877_Camera_2.png (64 3) ]
(89 57), [170331_092838377_Camera_2.png (17 93) ], [170331_092838877_Camera_2.png (65 1) ]
(88 55), [170331_092838377_Camera_2.png (17 92) ], [170331_092838877_Camera_2.png (65 0) ]
(90 53), [170331_092838377_Camera_2.png (18 91) ], [170331_092838877_Camera_2.png (65 0) ]
(90 51), [170331_092838377_Camera_2.png (18 89) ], [170331_092838877_Camera_2.png (66 9) ]
(90 49), [170331_092838377_Camera_2.png (18 88) ], [170331_092838877_Camera_2.png (66 8) ]
(92 47), [170331_092838377_Camera_2.png (19 87) ], [170331_092838877_Camera_2.png (67 7) ]
(92 45), [170331_092838377_Camera_2.png (19 86) ], [170331_092838877_Camera_2.png (66 6) ]
(93 43), [170331_092838377_Camera_2.png (20 84) ], [170331_092838877_Camera_2.png (67 5) ]
(94 41), [170331_092838377_Camera_2.png (20 83) ], [170331_092838877_Camera_2.png (67 4) ]
(94 39), [170331_092838377_Camera_2.png (21 82) ], [170331_092838877_Camera_2.png (67 3) ]
(95 37), [170331_092838377_Camera_2.png (21 81) ], [170331_092838877_Camera_2.png (68 3) ]
(96 35), [170331_092838377_Camera_2.png (22 79) ], [170331_092838877_Camera_2.png (69 2) ]
(96 33), [170331_092838377_Camera_2.png (22 78) ], [170331_092838877_Camera_2.png (68 1) ]
(97 31), [170331_092838377_Camera_2.png (23 77) ], [170331_092838877_Camera_2.png (69 0) ]
(97 29), [170331_092838377_Camera_2.png (23 76) ], [170331_092838877_Camera_2.png (69 9) ]
(98 27), [170331_092838377_Camera_2.png (23 75) ], [170331_092838877_Camera_2.png (70 8) ]
(99 25), [170331_092838377_Camera_2.png (24 73) ], [170331_092838877_Camera_2.png (70 7) ]
(00 23), [170331_092838377_Camera_2.png (25 72) ], [170331_092838877_Camera_2.png (71 6) ]
(01 21), [170331_092838377_Camera_2.png (25 71) ], [170331_092838877_Camera_2.png (71 5) ]
(01 19), [170331_092838377_Camera_2.png (25 70) ], [170331_092838877_Camera_2.png (71 5) ]
(03 15), [170331_092838377_Camera_2.png (27 67) ], [170331_092838877_Camera_2.png (72 3) ]
(04 13), [170331_092838377_Camera_2.png (27 66) ], [170331_092838877_Camera_2.png (73 2) ]
(04 11), [170331_092838377_Camera_2.png (28 65) ], [170331_092838877_Camera_2.png (73 1) ]
(05 09), [170331_092838377_Camera_2.png (28 63) ], [170331_092838877_Camera_2.png (74 0) ]
(06 07), [170331_092838377_Camera_2.png (28 62) ], [170331_092838877_Camera_2.png (74 9) ]
(06 05), [170331_092838377_Camera_2.png (29 61) ], [170331_092838877_Camera_2.png (74 8) ]
(06 03), [170331_092838377_Camera_2.png (29 60) ], [170331_092838877_Camera_2.png (74 8) ]
(07 01), [170331_092838377_Camera_2.png (29 58) ], [170331_092838877_Camera_2.png (74 7) ]
(08 99), [170331_092838377_Camera_2.png (30 57) ], [170331_092838877_Camera_2.png (75 6) ]
(08 97), [170331_092838377_Camera_2.png (30 56) ], [170331_092838877_Camera_2.png (75 5) ]
(10 95), [170331_092838377_Camera_2.png (31 55) ], [170331_092838877_Camera_2.png (76 4) ]
(11 93), [170331_092838377_Camera_2.png (32 53) ], [170331_092838877_Camera_2.png (77 3) ]
(12 90), [170331_092838377_Camera_2.png (33 52) ], [170331_092838877_Camera_2.png (77 2) ]
(13 88), [170331_092838377_Camera_2.png (33 51) ], [170331_092838877_Camera_2.png (78 1) ]
(13 87), [170331_092838377_Camera_2.png (33 49) ], [170331_092838877_Camera_2.png (78 0) ]
(14 84), [170331_092838377_Camera_2.png (34 48) ], [170331_092838877_Camera_2.png (78 9) ]
(15 82), [170331_092838377_Camera_2.png (35 47) ], [170331_092838877_Camera_2.png (79 8) ]
(15 80), [170331_09