(1177 10), [170331_092836377_Camera_2.png (1183 28) ], [170331_092836877_Camera_2.png (1186 8) ]
(1175 12), [170331_092836377_Camera_2.png (1181 29) ], [170331_092836877_Camera_2.png (1185 9) ]
(1180 14), [170331_092836377_Camera_2.png (1186 32) ]
(1177 15), [170331_092836377_Camera_2.png (1183 32) ], [170331_092836877_Camera_2.png (1186 12) ]
(1173 12), [170331_092836377_Camera_2.png (1179 29) ], [170331_092836877_Camera_2.png (1183 10) ]
(1178 14), [170331_092836377_Camera_2.png (1184 32) ], [170331_092836877_Camera_2.png (1188 12) ]
(1175 15), [170331_092836377_Camera_2.png (1181 32) ], [170331_092836877_Camera_2.png (1185 12) ]
(1180 16), [170331_092836377_Camera_2.png (1186 34) ], [170331_092836877_Camera_2.png (1189 14) ]
(1177 14), [170331_092836377_Camera_2.png (1183 32) ], [170331_092836877_Camera_2.png (1186 13) ]
(1173 15), [170331_092836377_Camera_2.png (1179 32) ], [170331_092836877_Camera_2.png (1183 12) ]
(1178 16), [170331_092836377_Camera_2.png (1184 34) ], [170331_092836877_Camera_2.png (1188 14) ]
(1172 15), [170331_092836377_Camera_2.png (1178 32) ], [170331_092836877_Camera_2.png (1181 13) ]
(1180 18), [170331_092836377_Camera_2.png (1186 36) ], [170331_092836877_Camera_2.png (1189 17) ]
(1176 16), [170331_092836377_Camera_2.png (1182 34) ], [170331_092836877_Camera_2.png (1186 15) ]
(1178 18), [170331_092836377_Camera_2.png (1184 36) ], [170331_092836877_Camera_2.png (1187 17) ]
(1175 17), [170331_092836377_Camera_2.png (1181 35) ], [170331_092836877_Camera_2.png (1184 15) ]
(1171 18), [170331_092836377_Camera_2.png (1177 35) ], [170331_092836877_Camera_2.png (1181 15) ]
(1179 21), [170331_092836377_Camera_2.png (1185 39) ], [170331_092836877_Camera_2.png (1189 19) ]
(1176 19), [170331_092836377_Camera_2.png (1182 36) ], [170331_092836877_Camera_2.png (1185 17) ]
(1177 21), [170331_092836377_Camera_2.png (1183 38) ], [170331_092836877_Camera_2.png (1187 19) ]
(1174 19), [170331_092836377_Camera_2.png (1180 37) ], [170331_092836877_Camera_2.png (1184 17) ]
(1179 24), [170331_092836377_Camera_2.png (1185 41) ], [170331_092836877_Camera_2.png (1188 22) ]
(1176 21), [170331_092836377_Camera_2.png (1182 38) ], [170331_092836877_Camera_2.png (1185 19) ]
(1178 23), [170331_092836377_Camera_2.png (1184 40) ], [170331_092836877_Camera_2.png (1187 21) ]
(1174 20), [170331_092836377_Camera_2.png (1180 38) ], [170331_092836877_Camera_2.png (1184 18) ]
(1179 40), [170331_092836377_Camera_2.png (1185 56) ]
(1176 21), [170331_092836377_Camera_2.png (1182 39) ], [170331_092836877_Camera_2.png (1186 20) ]
(1179 24), [170331_092836377_Camera_2.png (1185 41) ], [170331_092836877_Camera_2.png (1188 22) ]
(1176 21), [170331_092836377_Camera_2.png (1182 38) ], [170331_092836877_Camera_2.png (1185 19) ]
(1178 23), [170331_092836377_Camera_2.png (1184 40) ], [170331_092836877_Camera_2.png (1187 21) ]
(1175 20), [170331_092836377_Camera_2.png (1181 37) ], [170331_092836877_Camera_2.png (1184 18) ]
(1179 41), [170331_092836377_Camera_2.png (1185 57) ]
(1177 22), [170331_092836377_Camera_2.png (1183 39) ], [170331_092836877_Camera_2.png (1186 20) ]
(1174 20), [170331_092836377_Camera_2.png (1180 38) ], [170331_092836877_Camera_2.png (1183 18) ]
(1178 40), [170331_092836377_Camera_2.png (1184 56) ]
(1176 21), [170331_092836377_Camera_2.png (1182 39) ], [170331_092836877_Camera_2.png (1185 19) ]
(1178 24), [170331_092836377_Camera_2.png (1183 42) ], [170331_092836877_Camera_2.png (1187 22) ]
(1174 21), [170331_092836377_Camera_2.png (1180 39) ], [170331_092836877_Camera_2.png (1184 19) ]
(1178 41), [170331_092836377_Camera_2.png (1184 57) ]
(1176 22), [170331_092836377_Camera_2.png (1182 40) ], [170331_092836877_Camera_2.png (1186 20) ]
(1177 39), [170331_092836377_Camera_2.png (1183 56) ]
(1175 21), [170331_092836377_Camera_2.png (1181 39) ], [170331_092836877_Camera_2.png (1184 19) ]
(1177 22), [170331_092836377_Camera_2.png (1183 40) ], [170331_092836877_Camera_2.png (1186 20) ]
(1179 24), [170331_092836377_Camera_2.png (1185 42) ], [170331_092836877_Camera_2.png (1188 22) ]
(1176 21), [170331_092836377_Camera_2.png (1182 38) ], [170331_092836877_Camera_2.png (1185 19) ]
(1177 21), [170331_092836377_Camera_2.png (1183 39) ], [170331_092836877_Camera_2.png (1187 19) ]
(1174 19), [170331_092836377_Camera_2.png (1180 37) ], [170331_092836877_Camera_2.png (1184 18) ]
(1179 22), [170331_092836377_Camera_2.png (1185 40) ], [170331_092836877_Camera_2.png (1188 20) ]
(1176 20), [170331_092836377_Camera_2.png (1182 37) ], [170331_092836877_Camera_2.png (1185 18) ]
(1179 39), [170331_092836377_Camera_2.png (1185 55) ]
(1177 20), [170331_092836377_Camera_2.png (1183 38) ], [170331_092836877_Camera_2.png (1187 18) ]
(1174 18), [170331_092836377_Camera_2.png (1180 36) ], [170331_092836877_Camera_2.png (1184 17) ]
(1176 19), [170331_092836377_Camera_2.png (1182 36) ], [170331_092836877_Camera_2.png (1185 17) ]
(1180 21), [170331_092836377_Camera_2.png (1186 39) ], [170331_092836877_Camera_2.png (1190 20) ]
(1177 19), [170331_092836377_Camera_2.png (1183 36) ], [170331_092836877_Camera_2.png (1187 17) ]
(1174 17), [170331_092836377_Camera_2.png (1180 35) ], [170331_092836877_Camera_2.png (1184 15) ]
(1171 18), [170331_092836377_Camera_2.png (1177 36) ], [170331_092836877_Camera_2.png (1180 16) ]
(1179 19), [170331_092836377_Camera_2.png (1185 37) ], [170331_092836877_Camera_2.png (1188 17) ]
(1175 18), [170331_092836377_Camera_2.png (1181 35) ], [170331_092836877_Camera_2.png (1185 16) ]
(1180 20), [170331_092836377_Camera_2.png (1186 37) ], [170331_092836877_Camera_2.png (1189 18) ]
(1177 18), [170331_092836377_Camera_2.png (1183 35) ], [170331_092836877_Camera_2.png (1186 16) ]
(1170 17), [170331_092836377_Camera_2.png (1176 34) ], [170331_092836877_Camera_2.png (1180 15) ]
(1178 18), [170331_092836377_Camera_2.png (1184 35) ], [170331_092836877_Camera_2.png (1188 16) ]
(1175 16), [170331_092836377_Camera_2.png (1181 34) ], [170331_092836877_Camera_2.png (1185 14) ]
(1172 17), [170331_092836377_Camera_2.png (1178 35) ], [170331_092836877_Camera_2.png (1181 15) ]
(1180 18), [170331_092836377_Camera_2.png (1186 35) ], [170331_092836877_Camera_2.png (1189 16) ]
(1177 16), [170331_092836377_Camera_2.png (1183 33) ], [170331_092836877_Camera_2.png (1186 14) ]
(1170 15), [170331_092836377_Camera_2.png (1176 32) ], [170331_092836877_Camera_2.png (1180 13) ]
(1179 16), [170331_092836377_Camera_2.png (1185 33) ], [170331_092836877_Camera_2.png (1189 14) ]
(1176 14), [170331_092836377_Camera_2.png (1182 31) ], [170331_092836877_Camera_2.png (1185 12) ]
(1172 15), [170331_092836377_Camera_2.png (1178 32) ], [170331_092836877_Camera_2.png (1182 12) ]
(1181 15), [170331_092836377_Camera_2.png (1187 33) ]
(1178 14), [170331_092836377_Camera_2.png (1184 32) ], [170331_092836877_Camera_2.png (1187 12) ]
(1175 15), [170331_092836377_Camera_2.png (1181 33) ], [170331_092836877_Camera_2.png (1184 13) ]
(1180 14), [170331_092836377_Camera_2.png (1186 32) ]
(1174 13), [170331_092836377_Camera_2.png (1180 30) ], [170331_092836877_Camera_2.png (1183 10) ]
(1176 13), [170331_092836377_Camera_2.png (1182 30) ], [170331_092836877_Camera_2.png (1186 10) ]
(1179 13), [170331_092836377_Camera_2.png (1184 30) ], [170331_092836877_Camera_2.png (1188 11) ]
(1178 10), [170331_092836377_Camera_2.png (1184 28) ], [170331_092836877_Camera_2.png (1187 8) ]
(1193 4), [170331_092836377_Camera_2.png (1199 23) ], [170331_092836877_Camera_2.png (1202 5) ]
(1191 4), [170331_092836377_Camera_2.png (1197 23) ], [170331_092836877_Camera_2.png (1200 5) ]
(1190 4), [170331_092836377_Camera_2.png (1195 23) ], [170331_092836877_Camera_2.png (1199 5) ]
(1191 6), [170331_092836377_Camera_2.png (1197 25) ], [170331_092836877_Camera_2.png (1200 7) ]
(1188 4), [170331_092836377_Camera_2.png (1193 23) ], [170331_092836877_Camera_2.png (1197 5) ]
(1189 6), [170331_092836377_Camera_2.png (1195 25) ], [170331_092836877_Camera_2.png (1198 7) ]
(1186 4), [170331_092836377_Camera_2.png (1192 23) ], [170331_092836877_Camera_2.png (1195 5) ]
(1184 4), [170331_092836377_Camera_2.png (1190 23) ], [170331_092836877_Camera_2.png (1193 5) ]
(1185 6), [170331_092836377_Camera_2.png (1191 25) ], [170331_092836877_Camera_2.png (1194 7) ]
(1187 8), [170331_092836377_Camera_2.png (1193 27) ], [170331_092836877_Camera_2.png (1196 9) ]
(1184 6), [170331_092836377_Camera_2.png (1189 25) ], [170331_092836877_Camera_2.png (1193 7) ]
(1185 7), [170331_092836377_Camera_2.png (1191 26) ], [170331_092836877_Camera_2.png (1194 8) ]
(1184 6), [170331_092836377_Camera_2.png (1190 25) ], [170331_092836877_Camera_2.png (1193 7) ]
(1187 7), [170331_092836377_Camera_2.png (1193 26) ], [170331_092836877_Camera_2.png (1196 8) ]
(1184 6), [170331_092836377_Camera_2.png (1189 24) ], [170331_092836877_Camera_2.png (1193 6) ]
(1186 7), [170331_092836377_Camera_2.png (1192 26) ], [170331_092836877_Camera_2.png (1195 8) ]
(1188 8), [170331_092836377_Camera_2.png (1194 27) ], [170331_092836877_Camera_2.png (1197 9) ]
(1185 6), [170331_092836377_Camera_2.png (1191 25) ], [170331_092836877_Camera_2.png (1194 7) ]
(1187 8), [170331_092836377_Camera_2.png (1193 27) ], [170331_092836877_Camera_2.png (1196 9) ]
(1185 7), [170331_092836377_Camera_2.png (1191 26) ], [170331_092836877_Camera_2.png (1194 8) ]
(1187 9), [170331_092836377_Camera_2.png (1193 28) ], [170331_092836877_Camera_2.png (1196 10) ]
(1186 7), [170331_092836377_Camera_2.png (1192 26) ], [170331_092836877_Camera_2.png (1195 8) ]
(1185 6), [170331_092836377_Camera_2.png (1191 25) ], [170331_092836877_Camera_2.png (1194 7) ]
(1187 7), [170331_092836377_Camera_2.png (1192 26) ], [170331_092836877_Camera_2.png (1196 8) ]
(1189 8), [170331_092836377_Camera_2.png (1194 27) ], [170331_092836877_Camera_2.png (1197 9) ]
(1185 5), [170331_092836377_Camera_2.png (1191 24) ], [170331_092836877_Camera_2.png (1194 6) ]
(1187 6), [170331_092836377_Camera_2.png (1193 25) ], [170331_092836877_Camera_2.png (1196 7) ]
(1189 6), [170331_092836377_Camera_2.png (1194 25) ], [170331_092836877_Camera_2.png (1197 7) ]
(1185 4), [170331_092836377_Camera_2.png (1191 23) ], [170331_092836877_Camera_2.png (1194 5) ]
(1190 7), [170331_092836377_Camera_2.png (1196 26) ], [170331_092836877_Camera_2.png (1199 8) ]
(1187 5), [170331_092836377_Camera_2.png (1192 24) ], [170331_092836877_Camera_2.png (1196 6) ]
(1188 5), [170331_092836377_Camera_2.png (1194 24) ], [170331_092836877_Camera_2.png (1197 6) ]
(1188 4), [170331_092836377_Camera_2.png (1194 23) ], [170331_092836877_Camera_2.png (1197 5) ]
(1195 4), [170331_092836377_Camera_2.png (1200 23) ], [170331_092836877_Camera_2.png (1203 5) ]
(1196 7), [170331_092836377_Camera_2.png (1202 26) ], [170331_092836877_Camera_2.png (1205 8) ]
(1195 7), [170331_092836377_Camera_2.png (1200 26) ], [170331_092836877_Camera_2.png (1203 8) ]
(1196 9), [170331_092836377_Camera_2.png (1202 28) ], [170331_092836877_Camera_2.png (1205 10) ]
(1193 6), [170331_092836377_Camera_2.png (1199 25) ], [170331_092836877_Camera_2.png (1202 7) ]
(1194 9), [170331_092836377_Camera_2.png (1200 28) ], [170331_092836877_Camera_2.png (1203 10) ]
(1196 11), [170331_092836377_Camera_2.png (1201 30) ], [170331_092836877_Camera_2.png (1204 12) ]
(1192 9), [170331_092836377_Camera_2.png (1198 28) ], [170331_092836877_Camera_2.png (1201 10) ]
(1197 14), [170331_092836377_Camera_2.png (1203 32) ], [170331_092836877_Camera_2.png (1206 15) ]
(1194 11), [170331_092836377_Camera_2.png (1199 30) ], [170331_092836877_Camera_2.png (1202 12) ]
(1190 8), [170331_092836377_Camera_2.png (1196 27) ], [170331_092836877_Camera_2.png (1199 9) ]
(1198 16), [170331_092836377_Camera_2.png (1204 35) ], [170331_092836877_Camera_2.png (1207 17) ]
(1195 13), [170331_092836377_Camera_2.png (1201 32) ], [170331_092836877_Camera_2.png (1204 14) ]
(1192 10), [170331_092836377_Camera_2.png (1198 29) ], [170331_092836877_Camera_2.png (1201 11) ]
(1189 8), [170331_092836377_Camera_2.png (1194 27) ], [170331_092836877_Camera_2.png (1198 9) ]
(1182 4), [170331_092836377_Camera_2.png (1188 23) ], [170331_092836877_Camera_2.png (1191 5) ]
(1197 15), [170331_092836377_Camera_2.png (1202 34) ], [170331_092836877_Camera_2.png (1205 16) ]
(1193 12), [170331_092836377_Camera_2.png (1199 31) ], [170331_092836877_Camera_2.png (1202 13) ]
(1198 17), [170331_092836377_Camera_2.png (1204 36) ], [170331_092836877_Camera_2.png (1207 18) ]
(1195 14), [170331_092836377_Camera_2.png (1201 33) ], [170331_092836877_Camera_2.png (1204 15) ]
(1192 12), [170331_092836377_Camera_2.png (1198 31) ], [170331_092836877_Camera_2.png (1201 13) ]
(1189 9), [170331_092836377_Camera_2.png (1194 28) ], [170331_092836877_Camera_2.png (1198 10) ]
(1197 16), [170331_092836377_Camera_2.png (1203 35) ], [170331_092836877_Camera_2.png (1206 17) ]
(1194 13), [170331_092836377_Camera_2.png (1200 32) ], [170331_092836877_Camera_2.png (1203 14) ]
(1191 11), [170331_092836377_Camera_2.png (1197 30) ], [170331_092836877_Camera_2.png (1200 12) ]
(1188 8), [170331_092836377_Camera_2.png (1193 27) ], [170331_092836877_Camera_2.png (1197 9) ]
(1197 15), [170331_092836377_Camera_2.png (1202 34) ], [170331_092836877_Camera_2.png (1205 16) ]
(1193 12), [170331_092836377_Camera_2.png (1199 31) ], [170331_092836877_Camera_2.png (1202 13) ]
(1190 10), [170331_092836377_Camera_2.png (1196 29) ], [170331_092836877_Camera_2.png (1199 11) ]
(1196 14), [170331_092836377_Camera_2.png (1201 33) ], [170331_092836877_Camera_2.png (1204 15) ]
(1193 11), [170331_092836377_Camera_2.png (1198 30) ], [170331_092836877_Camera_2.png (1201 12) ]
(1195 13), [170331_092836377_Camera_2.png (1200 32) ], [170331_092836877_Camera_2.png (1203 14) ]
(1191 11), [170331_092836377_Camera_2.png (1197 30) ], [170331_092836877_Camera_2.png (1200 12) ]
(1193 13), [170331_092836377_Camera_2.png (1199 32) ], [170331_092836877_Camera_2.png (1202 14) ]
(1190 10), [170331_092836377_Camera_2.png (1196 29) ], [170331_092836877_Camera_2.png (1199 11) ]
(1184 6), [170331_092836377_Camera_2.png (1189 25) ], [170331_092836877_Camera_2.png (1193 7) ]
(1195 15), [170331_092836377_Camera_2.png (1201 34) ], [170331_092836877_Camera_2.png (1204 16) ]
(1192 12), [170331_092836377_Camera_2.png (1198 31) ], [170331_092836877_Camera_2.png (1201 13) ]
(1189 10), [170331_092836377_Camera_2.png (1194 29) ], [170331_092836877_Camera_2.png (1198 11) ]
(1194 13), [170331_092836377_Camera_2.png (1199 32) ], [170331_092836877_Camera_2.png (1202 14) ]
(1191 11), [170331_092836377_Camera_2.png (1196 30) ], [170331_092836877_Camera_2.png (1199 12) ]
(1184 7), [170331_092836377_Camera_2.png (1190 26) ], [170331_092836877_Camera_2.png (1193 8) ]
(1193 12), [170331_092836377_Camera_2.png (1198 31) ], [170331_092836877_Camera_2.png (1201 13) ]
(1189 10), [170331_092836377_Camera_2.png (1195 29) ], [170331_092836877_Camera_2.png (1198 11) ]
(1191 11), [170331_092836377_Camera_2.png (1197 30) ], [170331_092836877_Camera_2.png (1200 12) ]
(1188 8), [170331_092836377_Camera_2.png (1194 27) ], [170331_092836877_Camera_2.png (1197 9) ]
(1193 12), [170331_092836377_Camera_2.png (1199 31) ], [170331_092836877_Camera_2.png (1202 13) ]
(1190 9), [170331_092836377_Camera_2.png (1196 28) ], [170331_092836877_Camera_2.png (1199 10) ]
(1192 10), [170331_092836377_Camera_2.png (1197 29) ], [170331_092836877_Camera_2.png (1201 11) ]
(1190 8), [170331_092836377_Camera_2.png (1196 27) ], [170331_092836877_Camera_2.png (1199 9) ]
